############################
   Wavenumber   Sampling
----------------------------
Factor to cgs units: 1
Initial value: 990.099
Final value: 20000
Spacing: 0.1
Oversample: 1
Number of elements: 190100
############################
   Wavelength   Sampling
----------------------------
Factor to cgs units: 0
Initial value: 0
Final value: 0
Spacing: 0
Oversample: 0
Number of elements: 0
############################
   Radius       Sampling
----------------------------
Factor to cgs units: 100000
Initial value: 79570.3
Final value: 84525.8
Spacing: 0
Number of elements: 100
Values:     79570.338    79617.487    79664.693    79711.953    79759.268    79806.643    79854.075    79901.561    79949.103    79996.701    80044.364    80092.068    80139.837    80187.665    80235.547    80283.486    80331.485    80379.544    80427.657    80475.827    80524.054    80572.347    80620.683    80669.085    80717.546    80766.063    80814.638    80863.275    80911.972    80960.724    81009.535    81058.404     81107.34    81156.319    81205.367    81254.475    81303.639    81352.863     81402.15    81451.498    81500.903    81550.367    81599.891    81649.483    81699.119    81748.825    81798.592    81848.417    81898.303    81948.253    81998.265    82048.336    82098.466    82148.658     82198.92    82249.226    82299.604    82350.044    82400.543    82451.104     82501.73    82552.421     82603.17    82653.981    82704.855    82755.799    82806.789    82857.852    82908.979    82960.166    83011.416    83062.733    83114.115    83165.557    83217.062    83268.632    83320.273    83371.961    83423.723    83475.551     83527.44    83579.393    83631.414    83683.503    83735.652    83787.866    83840.145    83892.498    83944.898    83997.374    84049.917    84102.523    84155.194    84207.934    84260.743    84313.615    84366.552    84419.555    84472.634    84525.762
############################
   Impact parameter Sampling
----------------------------
Factor to cgs units: 100000
Initial value: 84525.8
Final value: 79570.3
Spacing: 0
Oversample: 0
Number of elements: 100
Values:     84525.762    84472.634    84419.555    84366.552    84313.615    84260.743    84207.934    84155.194    84102.523    84049.917    83997.374    83944.898    83892.498    83840.145    83787.866    83735.652    83683.503    83631.414    83579.393     83527.44    83475.551    83423.723    83371.961    83320.273    83268.632    83217.062    83165.557    83114.115    83062.733    83011.416    82960.166    82908.979    82857.852    82806.789    82755.799    82704.855    82653.981     82603.17    82552.421     82501.73    82451.104    82400.543    82350.044    82299.604    82249.226     82198.92    82148.658    82098.466    82048.336    81998.265    81948.253    81898.303    81848.417    81798.592    81748.825    81699.119    81649.483    81599.891    81550.367    81500.903    81451.498     81402.15    81352.863    81303.639    81254.475    81205.367    81156.319     81107.34    81058.404    81009.535    80960.724    80911.972    80863.275    80814.638    80766.063    80717.546    80669.085    80620.683    80572.347    80524.054    80475.827    80427.657    80379.544    80331.485    80283.486    80235.547    80187.665    80139.837    80092.068    80044.364    79996.701    79949.103    79901.561    79854.075    79806.643    79759.268    79711.953    79664.693    79617.487    79570.338
