############################
   Wavenumber   Sampling
----------------------------
Factor to cgs units: 1
Initial value: 2000
Final value: 5500
Spacing: 0.1
Oversample: 1
Number of elements: 35001
############################
   Wavelength   Sampling
----------------------------
Factor to cgs units: 0
Initial value: 0
Final value: 0
Spacing: 0
Oversample: 0
Number of elements: 0
############################
   Radius       Sampling
----------------------------
Factor to cgs units: 100000
Initial value: 79836.5
Final value: 83829.3
Spacing: 0
Number of elements: 100
Values:      79836.52    79888.676    79940.827    79992.992    80045.179    80097.399    80149.656    80201.968    80254.315    80306.737    80359.195    80411.723     80464.31    80516.961    80569.679    80622.454    80675.303    80728.195    80781.109    80833.975    80886.688      80939.1    80991.027    81042.278    81092.672    81142.048    81190.277    81237.288    81283.023      81327.5    81370.729    81412.735    81453.643    81493.546    81532.551    81570.764    81608.299    81645.246    81681.702    81717.744    81753.469     81788.92    81824.157    81859.228     81894.17    81929.013    81963.782    81998.501    82033.175    82067.838     82102.48    82137.123    82171.768    82206.422    82241.088    82275.769    82310.476      82345.2    82379.942    82414.714     82449.51    82484.333    82519.181    82554.057    82588.962    82623.895     82658.86    82693.844    82728.872    82763.911    82798.994      82834.1    82869.238    82904.406    82939.601    82974.826    83010.083    83045.368    83080.688    83116.032    83151.405    83186.812    83222.247    83257.713    83293.212    83328.737    83364.294    83399.875    83435.504     83471.15    83506.824    83542.533    83578.274    83614.044    83649.842    83685.673     83721.54    83757.429    83793.349    83829.308
############################
   Impact parameter Sampling
----------------------------
Factor to cgs units: 100000
Initial value: 83829.3
Final value: 79836.5
Spacing: 0
Oversample: 0
Number of elements: 100
Values:     83829.308    83793.349    83757.429     83721.54    83685.673    83649.842    83614.044    83578.274    83542.533    83506.824     83471.15    83435.504    83399.875    83364.294    83328.737    83293.212    83257.713    83222.247    83186.812    83151.405    83116.032    83080.688    83045.368    83010.083    82974.826    82939.601    82904.406    82869.238      82834.1    82798.994    82763.911    82728.872    82693.844     82658.86    82623.895    82588.962    82554.057    82519.181    82484.333     82449.51    82414.714    82379.942      82345.2    82310.476    82275.769    82241.088    82206.422    82171.768    82137.123     82102.48    82067.838    82033.175    81998.501    81963.782    81929.013     81894.17    81859.228    81824.157     81788.92    81753.469    81717.744    81681.702    81645.246    81608.299    81570.764    81532.551    81493.546    81453.643    81412.735    81370.729      81327.5    81283.023    81237.288    81190.277    81142.048    81092.672    81042.278    80991.027      80939.1    80886.688    80833.975    80781.109    80728.195    80675.303    80622.454    80569.679    80516.961     80464.31    80411.723    80359.195    80306.737    80254.315    80201.968    80149.656    80097.399    80045.179    79992.992    79940.827    79888.676     79836.52
