#wvl [um]      Flux [erg/s/cm]
4              74696.9393        
3.99840064     74713.1795        
3.996802558    74729.3956        
3.995205753    74745.5876        
3.993610224    74761.7554        
3.992015968    74777.8991        
3.990422985    74794.0186        
3.988831272    74810.114         
3.987240829    74826.1853        
3.985651654    74842.2324        
3.984063745    74858.2554        
3.982477101    74874.2543        
3.98089172     74890.2291        
3.9793076      74906.1797        
3.977724741    74922.1062        
3.976143141    74938.0086        
3.974562798    74953.8869        
3.972983711    74969.7411        
3.971405878    74985.5712        
3.969829297    75001.3772        
3.968253968    75017.159         
3.966679889    75032.9168        
3.965107058    75048.6505        
3.963535474    75064.3601        
3.961965135    75080.0456        
3.96039604     75095.707         
3.958828187    75111.3443        
3.957261575    75126.9575        
3.955696203    75142.5467        
3.954132068    75158.1118        
3.95256917     75173.6528        
3.951007507    75189.1697        
3.949447077    75204.6626        
3.94788788     75220.1314        
3.946329913    75235.5762        
3.944773176    75250.9969        
3.943217666    75266.3935        
3.941663382    75281.7661        
3.940110323    75297.1146        
3.938558488    75312.4391        
3.937007874    75327.7396        
3.935458481    75343.016         
3.933910307    75358.2684        
3.93236335     75373.4967        
3.93081761     75388.701         
3.929273084    75403.8813        
3.927729772    75419.0376        
3.926187672    75434.1698        
3.924646782    75449.2781        
3.923107101    75464.3623        
3.921568627    75479.4225        
3.92003136     75494.4587        
3.918495298    75509.4709        
3.916960439    75524.459         
3.915426782    75539.4232        
3.913894325    75554.3634        
3.912363067    75569.2796        
3.910833007    75584.1719        
3.909304144    75599.0401        
3.907776475    75613.8844        
3.90625        75628.7046        
3.904724717    75643.501         
3.903200625    75658.2733        
3.901677721    75673.0217        
3.900156006    75687.7461        
3.898635478    75702.4465        
3.897116134    75717.123         
3.895597974    75731.7755        
3.894080997    75746.4041        
3.8925652      75761.0088        
3.891050584    75775.5895        
3.889537145    75790.1463        
3.888024883    75804.6791        
3.886513797    75819.188         
3.885003885    75833.673         
3.883495146    75848.134         
3.881987578    75862.5711        
3.88048118     75876.9843        
3.87897595     75891.3736        
3.877471888    75905.739         
3.875968992    75920.0805        
3.874467261    75934.3981        
3.872966692    75948.6918        
3.871467286    75962.9616        
3.86996904     75977.2075        
3.868471954    75991.4295        
3.866976025    76005.6277        
3.865481252    76019.8019        
3.863987635    76033.9523        
3.862495172    76048.0788        
3.861003861    76062.1815        
3.859513701    76076.2602        
3.858024691    76090.3152        
3.85653683     76104.3462        
3.855050116    76118.3535        
3.853564547    76132.3368        
3.852080123    76146.2964        
3.850596843    76160.2321        
3.849114704    76174.1439        
3.847633705    76188.0319        
3.846153846    76201.8961        
3.844675125    76215.7365        
3.84319754     76229.5531        
3.841721091    76243.3458        
3.840245776    76257.1148        
3.838771593    76270.8599        
3.837298542    76284.5812        
3.835826621    76298.2787        
3.834355828    76311.9525        
3.832886163    76325.6024        
3.831417625    76339.2286        
3.829950211    76352.831         
3.82848392     76366.4096        
3.827018752    76379.9644        
3.825554705    76393.4955        
3.824091778    76407.0027        
3.822629969    76420.4863        
3.821169278    76433.9461        
3.819709702    76447.3821        
3.818251241    76460.7944        
3.816793893    76474.1829        
3.815337657    76487.5477        
3.813882532    76500.8888        
3.812428517    76514.2061        
3.81097561     76527.4998        
3.80952381     76540.7697        
3.808073115    76554.0158        
3.806623525    76567.2383        
3.805175038    76580.4371        
3.803727653    76593.6121        
3.802281369    76606.7635        
3.800836184    76619.8912        
3.799392097    76632.9951        
3.797949107    76646.0754        
3.796507213    76659.1321        
3.795066414    76672.165         
3.793626707    76685.1743        
3.792188093    76698.1599        
3.790750569    76711.1218        
3.789314134    76724.0601        
3.787878788    76736.9748        
3.786444529    76749.8657        
3.785011355    76762.7331        
3.783579266    76775.5768        
3.78214826     76788.3969        
3.780718336    76801.1933        
3.779289494    76813.9661        
3.77786173     76826.7153        
3.776435045    76839.4409        
3.775009438    76852.1429        
3.773584906    76864.8213        
3.772161449    76877.4761        
3.770739065    76890.1073        
3.769317753    76902.7148        
3.767897513    76915.2989        
3.766478343    76927.8593        
3.765060241    76940.3961        
3.763643207    76952.9094        
3.762227239    76965.3991        
3.760812335    76977.8653        
3.759398496    76990.3079        
3.75798572     77002.7269        
3.756574005    77015.1224        
3.75516335     77027.4944        
3.753753754    77039.8428        
3.752345216    77052.1677        
3.750937734    77064.4691        
3.749531309    77076.7469        
3.748125937    77089.0013        
3.746721619    77101.2321        
3.745318352    77113.4394        
3.743916136    77125.6232        
3.74251497     77137.7835        
3.741114852    77149.9204        
3.739715782    77162.0337        
3.738317757    77174.1236        
3.736920777    77186.19          
3.735524841    77198.2329        
3.734129948    77210.2524        
3.732736096    77222.2484        
3.731343284    77234.2209        
3.729951511    77246.17          
3.728560776    77258.0957        
3.727171077    77269.9979        
3.725782414    77281.8767        
3.724394786    77293.732         
3.723008191    77305.5639        
3.721622627    77317.3725        
3.720238095    77329.1576        
3.718854593    77340.9193        
3.717472119    77352.6576        
3.716090673    77364.3725        
3.714710253    77376.064         
3.713330858    77387.7321        
3.711952487    77399.3768        
3.710575139    77410.9982        
3.709198813    77422.5962        
3.707823508    77434.1709        
3.706449222    77445.7221        
3.705075954    77457.2501        
3.703703704    77468.7547        
3.702332469    77480.2359        
3.70096225     77491.6938        
3.699593045    77503.1284        
3.698224852    77514.5397        
3.696857671    77525.9276        
3.6954915      77537.2922        
3.694126339    77548.6335        
3.692762186    77559.9515        
3.69139904     77571.2463        
3.6900369      77582.5177        
3.688675765    77593.7658        
3.687315634    77604.9907        
3.685956506    77616.1923        
3.684598379    77627.3706        
3.683241252    77638.5256        
3.681885125    77649.6574        
3.680529996    77660.766         
3.679175865    77671.8513        
3.677822729    77682.9134        
3.676470588    77693.9522        
3.675119441    77704.9678        
3.673769287    77715.9602        
3.672420125    77726.9293        
3.671071953    77737.8753        
3.669724771    77748.798         
3.668378577    77759.6976        
3.66703337     77770.5739        
3.66568915     77781.4271        
3.664345914    77792.2571        
3.663003663    77803.0639        
3.661662395    77813.8476        
3.660322108    77824.608         
3.658982803    77835.3453        
3.657644477    77846.0595        
3.65630713     77856.7505        
3.65497076     77867.4184        
3.653635367    77878.0632        
3.65230095     77888.6848        
3.650967506    77899.2833        
3.649635036    77909.8587        
3.648303539    77920.4109        
3.646973012    77930.9401        
3.645643456    77941.4462        
3.644314869    77951.9292        
3.64298725     77962.3891        
3.641660597    77972.8259        
3.640334911    77983.2396        
3.639010189    77993.6303        
3.637686431    78003.9979        
3.636363636    78014.3424        
3.635041803    78024.664         
3.63372093     78034.9624        
3.632401017    78045.2378        
3.631082062    78055.4902        
3.629764065    78065.7196        
3.628447025    78075.926         
3.627130939    78086.1093        
3.625815809    78096.2696        
3.624501631    78106.407         
3.623188406    78116.5213        
3.621876132    78126.6127        
3.620564808    78136.6811        
3.619254434    78146.7265        
3.617945007    78156.7489        
3.616636528    78166.7484        
3.615328995    78176.7249        
3.614022407    78186.6785        
3.612716763    78196.6091        
3.611412062    78206.5168        
3.610108303    78216.4015        
3.608805485    78226.2634        
3.607503608    78236.1023        
3.606202669    78245.9183        
3.604902668    78255.7114        
3.603603604    78265.4816        
3.602305476    78275.2289        
3.601008282    78284.9534        
3.599712023    78294.6549        
3.598416697    78304.3336        
3.597122302    78313.9894        
3.595828839    78323.6224        
3.594536305    78333.2325        
3.5932447      78342.8197        
3.591954023    78352.3842        
3.590664273    78361.9258        
3.589375449    78371.4445        
3.588087549    78380.9405        
3.586800574    78390.4136        
3.585514521    78399.8639        
3.584229391    78409.2914        
3.582945181    78418.6962        
3.581661891    78428.0781        
3.58037952     78437.4373        
3.579098067    78446.7737        
3.577817531    78456.0873        
3.576537911    78465.3782        
3.575259206    78474.6463        
3.573981415    78483.8916        
3.572704537    78493.1143        
3.571428571    78502.3142        
3.570153517    78511.4913        
3.568879372    78520.6458        
3.567606136    78529.7775        
3.566333809    78538.8865        
3.565062389    78547.9729        
3.563791875    78557.0365        
3.562522266    78566.0775        
3.561253561    78575.0957        
3.55998576     78584.0913        
3.558718861    78593.0643        
3.557452864    78602.0146        
3.556187767    78610.9422        
3.554923569    78619.8472        
3.55366027     78628.7295        
3.552397869    78637.5892        
3.551136364    78646.4263        
3.549875754    78655.2408        
3.54861604     78664.0327        
3.547357219    78672.8019        
3.546099291    78681.5486        
3.544842255    78690.2727        
3.543586109    78698.9742        
3.542330854    78707.6531        
3.541076487    78716.3095        
3.539823009    78724.9433        
3.538570418    78733.5545        
3.537318712    78742.1432        
3.536067893    78750.7093        
3.534817957    78759.253         
3.533568905    78767.7741        
3.532320735    78776.2726        
3.531073446    78784.7487        
3.529827038    78793.2023        
3.52858151     78801.6333        
3.527336861    78810.0419        
3.526093089    78818.428         
3.524850194    78826.7916        
3.523608175    78835.1328        
3.522367031    78843.4515        
3.521126761    78851.7477        
3.519887364    78860.0215        
3.518648839    78868.2728        
3.517411185    78876.5017        
3.516174402    78884.7082        
3.514938489    78892.8923        
3.513703443    78901.054         
3.512469266    78909.1932        
3.511235955    78917.3101        
3.51000351     78925.4045        
3.50877193     78933.4766        
3.507541214    78941.5263        
3.50631136     78949.5537        
3.505082369    78957.5587        
3.50385424     78965.5413        
3.50262697     78973.5016        
3.50140056     78981.4395        
3.500175009    78989.3552        
3.498950315    78997.2485        
3.497726478    79005.1194        
3.496503497    79012.9681        
3.49528137     79020.7945        
3.494060098    79028.5986        
3.492839679    79036.3804        
3.491620112    79044.1399        
3.490401396    79051.8771        
3.489183531    79059.5921        
3.487966516    79067.2848        
3.486750349    79074.9553        
3.48553503     79082.6035        
3.484320557    79090.2295        
3.483106931    79097.8333        
3.48189415     79105.4148        
3.480682214    79112.9742        
3.47947112     79120.5113        
3.47826087     79128.0263        
3.47705146     79135.519         
3.475842892    79142.9896        
3.474635163    79150.438         
3.473428274    79157.8642        
3.472222222    79165.2683        
3.471017008    79172.6502        
3.46981263     79180.01          
3.468609088    79187.3476        
3.46740638     79194.6631        
3.466204506    79201.9565        
3.465003465    79209.2278        
3.463803256    79216.477         
3.462603878    79223.7041        
3.461405331    79230.9091        
3.460207612    79238.092         
3.459010723    79245.2528        
3.457814661    79252.3916        
3.456619426    79259.5083        
3.455425017    79266.6029        
3.454231434    79273.6756        
3.453038674    79280.7261        
3.451846738    79287.7547        
3.450655625    79294.7612        
3.449465333    79301.7457        
3.448275862    79308.7083        
3.447087211    79315.6488        
3.44589938     79322.5673        
3.444712367    79329.4638        
3.443526171    79336.3384        
3.442340792    79343.191         
3.441156228    79350.0217        
3.43997248     79356.8304        
3.438789546    79363.6171        
3.437607425    79370.382         
3.436426117    79377.1249        
3.43524562     79383.8459        
3.434065934    79390.5449        
3.432887058    79397.2221        
3.431708991    79403.8774        
3.430531732    79410.5108        
3.429355281    79417.1223        
3.428179637    79423.7119        
3.427004798    79430.2797        
3.425830764    79436.8256        
3.424657534    79443.3497        
3.423485108    79449.8519        
3.422313484    79456.3323        
3.421142662    79462.7909        
3.41997264     79469.2277        
3.418803419    79475.6427        
3.417634997    79482.0358        
3.416467373    79488.4072        
3.415300546    79494.7568        
3.414134517    79501.0846        
3.412969283    79507.3907        
3.411804845    79513.675         
3.410641201    79519.9375        
3.40947835     79526.1783        
3.408316292    79532.3974        
3.407155026    79538.5947        
3.40599455     79544.7703        
3.404834866    79550.9243        
3.40367597     79557.0565        
3.402517863    79563.167         
3.401360544    79569.2558        
3.400204012    79575.323         
3.399048266    79581.3685        
3.397893306    79587.3923        
3.39673913     79593.3945        
3.395585739    79599.375         
3.39443313     79605.3339        
3.393281303    79611.2712        
3.392130258    79617.1868        
3.390979993    79623.0809        
3.389830508    79628.9533        
3.388681803    79634.8042        
3.387533875    79640.6334        
3.386386725    79646.4411        
3.385240352    79652.2272        
3.384094755    79657.9918        
3.382949932    79663.7348        
3.381805884    79669.4562        
3.38066261     79675.1561        
3.379520108    79680.8345        
3.378378378    79686.4914        
3.37723742     79692.1267        
3.376097232    79697.7406        
3.374957813    79703.3329        
3.373819163    79708.9038        
3.372681282    79714.4532        
3.371544167    79719.9811        
3.370407819    79725.4876        
3.369272237    79730.9726        
3.36813742     79736.4361        
3.367003367    79741.8783        
3.365870077    79747.299         
3.36473755     79752.6983        
3.363605785    79758.0761        
3.362474781    79763.4326        
3.361344538    79768.7677        
3.360215054    79774.0814        
3.359086329    79779.3737        
3.357958361    79784.6446        
3.356831151    79789.8942        
3.355704698    79795.1224        
3.354579       79800.3293        
3.353454058    79805.5149        
3.352329869    79810.6791        
3.351206434    79815.822         
3.350083752    79820.9437        
3.348961822    79826.044         
3.347840643    79831.123         
3.346720214    79836.1807        
3.345600535    79841.2172        
3.344481605    79846.2324        
3.343363424    79851.2263        
3.342245989    79856.199         
3.341129302    79861.1504        
3.34001336     79866.0807        
3.338898164    79870.9897        
3.337783712    79875.8774        
3.336670003    79880.744         
3.335557038    79885.5894        
3.334444815    79890.4136        
3.333333333    79895.2166        
3.332222592    79899.9985        
3.331112592    79904.7591        
3.33000333     79909.4987        
3.328894807    79914.2171        
3.327787022    79918.9143        
3.326679973    79923.5904        
3.325573661    79928.2454        
3.324468085    79932.8793        
3.323363244    79937.4921        
3.322259136    79942.0838        
3.321155762    79946.6544        
3.320053121    79951.204         
3.318951211    79955.7325        
3.317850033    79960.2399        
3.316749585    79964.7263        
3.315649867    79969.1916        
3.314550878    79973.6359        
3.313452618    79978.0592        
3.312355084    79982.4615        
3.311258278    79986.8427        
3.310162198    79991.203         
3.309066843    79995.5423        
3.307972213    79999.8606        
3.306878307    80004.1579        
3.305785124    80008.4343        
3.304692664    80012.6897        
3.303600925    80016.9242        
3.302509908    80021.1378        
3.30141961     80025.3304        
3.300330033    80029.5021        
3.299241175    80033.6529        
3.298153034    80037.7829        
3.297065612    80041.8919        
3.295978906    80045.98          
3.294892916    80050.0473        
3.293807642    80054.0937        
3.292723082    80058.1193        
3.291639236    80062.124         
3.290556104    80066.1079        
3.289473684    80070.0709        
3.288391976    80074.0132        
3.28731098     80077.9346        
3.286230693    80081.8353        
3.285151117    80085.7151        
3.28407225     80089.5742        
3.282994091    80093.4125        
3.281916639    80097.23          
3.280839895    80101.0268        
3.279763857    80104.8028        
3.278688525    80108.5581        
3.277613897    80112.2927        
3.276539974    80116.0065        
3.275466754    80119.6997        
3.274394237    80123.3721        
3.273322422    80127.0239        
3.272251309    80130.655         
3.271180896    80134.2654        
3.270111184    80137.8551        
3.269042171    80141.4242        
3.267973856    80144.9726        
3.26690624     80148.5005        
3.265839321    80152.0076        
3.264773098    80155.4942        
3.263707572    80158.9602        
3.262642741    80162.4055        
3.261578604    80165.8303        
3.260515161    80169.2345        
3.259452412    80172.6181        
3.258390355    80175.9812        
3.25732899     80179.3237        
3.256268317    80182.6457        
3.255208333    80185.9471        
3.25414904     80189.228         
3.253090436    80192.4884        
3.25203252     80195.7283        
3.250975293    80198.9476        
3.249918752    80202.1465        
3.248862898    80205.325         
3.24780773     80208.4829        
3.246753247    80211.6204        
3.245699448    80214.7374        
3.244646334    80217.834         
3.243593902    80220.9102        
3.242542153    80223.966         
3.241491086    80227.0013        
3.2404407      80230.0162        
3.239390994    80233.0107        
3.238341969    80235.9849        
3.237293623    80238.9386        
3.236245955    80241.872         
3.235198965    80244.7851        
3.234152652    80247.6778        
3.233107016    80250.5501        
3.232062056    80253.4022        
3.231017771    80256.2339        
3.22997416     80259.0453        
3.228931224    80261.8364        
3.227888961    80264.6072        
3.22684737     80267.3577        
3.225806452    80270.0879        
3.224766204    80272.7979        
3.223726628    80275.4876        
3.222687722    80278.1571        
3.221649485    80280.8063        
3.220611916    80283.4354        
3.219575016    80286.0442        
3.218538783    80288.6328        
3.217503218    80291.2012        
3.216468318    80293.7494        
3.215434084    80296.2774        
3.214400514    80298.7853        
3.213367609    80301.273         
3.212335368    80303.7405        
3.211303789    80306.1879        
3.210272873    80308.6152        
3.209242619    80311.0224        
3.208213025    80313.4094        
3.207184092    80315.7763        
3.206155819    80318.1232        
3.205128205    80320.45          
3.20410125     80322.7566        
3.203074952    80325.0433        
3.202049312    80327.3098        
3.201024328    80329.5564        
3.2            80331.7829        
3.198976328    80333.9893        
3.19795331     80336.1758        
3.196930946    80338.3422        
3.195909236    80340.4886        
3.194888179    80342.6151        
3.193867774    80344.7216        
3.19284802     80346.8081        
3.191828918    80348.8746        
3.190810466    80350.9212        
3.189792663    80352.9479        
3.18877551     80354.9546        
3.187759005    80356.9414        
3.186743149    80358.9083        
3.185727939    80360.8553        
3.184713376    80362.7824        
3.183699459    80364.6896        
3.182686187    80366.5769        
3.18167356     80368.4444        
3.180661578    80370.292         
3.179650238    80372.1198        
3.178639542    80373.9278        
3.177629488    80375.7159        
3.176620076    80377.4842        
3.175611305    80379.2327        
3.174603175    80380.9614        
3.173595684    80382.6703        
3.172588832    80384.3595        
3.17158262     80386.0289        
3.170577045    80387.6785        
3.169572108    80389.3084        
3.168567807    80390.9185        
3.167564143    80392.5089        
3.166561115    80394.0796        
3.165558721    80395.6306        
3.164556962    80397.1619        
3.163555837    80398.6735        
3.162555345    80400.1655        
3.161555485    80401.6377        
3.160556258    80403.0903        
3.159557662    80404.5233        
3.158559697    80405.9366        
3.157562362    80407.3303        
3.156565657    80408.7043        
3.15556958     80410.0588        
3.154574132    80411.3936        
3.153579313    80412.7089        
3.15258512     80414.0046        
3.151591554    80415.2807        
3.150598614    80416.5373        
3.149606299    80417.7743        
3.14861461     80418.9917        
3.147623544    80420.1897        
3.146633103    80421.3681        
3.145643284    80422.527         
3.144654088    80423.6664        
3.143665514    80424.7863        
3.142677561    80425.8867        
3.141690229    80426.9677        
3.140703518    80428.0292        
3.139717425    80429.0712        
3.138731952    80430.0938        
3.137747098    80431.097         
3.136762861    80432.0808        
3.135779241    80433.0451        
3.134796238    80433.99          
3.133813851    80434.9156        
3.13283208     80435.8217        
3.131850924    80436.7085        
3.130870382    80437.5759        
3.129890454    80438.424         
3.128911139    80439.2527        
3.127932437    80440.0621        
3.126954346    80440.8522        
3.125976868    80441.623         
3.125          80442.3744        
3.124023743    80443.1066        
3.123048095    80443.8195        
3.122073057    80444.5131        
3.121098627    80445.1875        
3.120124805    80445.8426        
3.119151591    80446.4784        
3.118178983    80447.095         
3.117206983    80447.6924        
3.116235587    80448.2706        
3.115264798    80448.8296        
3.114294612    80449.3694        
3.113325031    80449.89          
3.112356054    80450.3915        
3.111387679    80450.8737        
3.110419907    80451.3369        
3.109452736    80451.7809        
3.108486167    80452.2057        
3.107520199    80452.6114        
3.106554831    80452.9981        
3.105590062    80453.3656        
3.104625893    80453.714         
3.103662322    80454.0433        
3.102699348    80454.3536        
3.101736973    80454.6448        
3.100775194    80454.917         
3.099814011    80455.1701        
3.098853424    80455.4042        
3.097893432    80455.6192        
3.096934035    80455.8153        
3.095975232    80455.9923        
3.095017023    80456.1504        
3.094059406    80456.2895        
3.093102382    80456.4096        
3.092145949    80456.5108        
3.091190108    80456.593         
3.090234858    80456.6562        
3.089280198    80456.7006        
3.088326127    80456.726         
3.087372646    80456.7325        
3.086419753    80456.7201        
3.085467448    80456.6888        
3.084515731    80456.6386        
3.083564601    80456.5696        
3.082614057    80456.4817        
3.081664099    80456.375         
3.080714726    80456.2494        
3.079765938    80456.105         
3.078817734    80455.9418        
3.077870114    80455.7597        
3.076923077    80455.5589        
3.075976623    80455.3393        
3.07503075     80455.1009        
3.07408546     80454.8437        
3.07314075     80454.5678        
3.072196621    80454.2732        
3.071253071    80453.9598        
3.070310101    80453.6277        
3.06936771     80453.2768        
3.068425898    80452.9073        
3.067484663    80452.519         
3.066544005    80452.1121        
3.065603924    80451.6865        
3.064664419    80451.2423        
3.06372549     80450.7794        
3.062787136    80450.2978        
3.061849357    80449.7976        
3.060912152    80449.2788        
3.05997552     80448.7414        
3.059039462    80448.1854        
3.058103976    80447.6107        
3.057169061    80447.0175        
3.056234719    80446.4058        
3.055300947    80445.7754        
3.054367746    80445.1266        
3.053435115    80444.4591        
3.052503053    80443.7732        
3.051571559    80443.0687        
3.050640635    80442.3457        
3.049710278    80441.6043        
3.048780488    80440.8443        
3.047851265    80440.0658        
3.046922608    80439.2689        
3.045994517    80438.4536        
3.045066991    80437.6197        
3.04414003     80436.7675        
3.043213634    80435.8968        
3.0422878      80435.0077        
3.04136253     80434.1002        
3.040437823    80433.1743        
3.039513678    80432.23          
3.038590094    80431.2674        
3.037667072    80430.2863        
3.03674461     80429.287         
3.035822708    80428.2692        
3.034901366    80427.2332        
3.033980583    80426.1788        
3.033060358    80425.1061        
3.032140691    80424.0151        
3.031221582    80422.9058        
3.03030303     80421.7783        
3.029385035    80420.6325        
3.028467595    80419.4684        
3.027550711    80418.286         
3.026634383    80417.0854        
3.025718608    80415.8666        
3.024803388    80414.6296        
3.023888721    80413.3744        
3.022974607    80412.1009        
3.022061046    80410.8093        
3.021148036    80409.4995        
3.020235578    80408.1716        
3.019323671    80406.8254        
3.018412315    80405.4612        
3.017501509    80404.0788        
3.016591252    80402.6783        
3.015681544    80401.2596        
3.014772385    80399.8229        
3.013863773    80398.3681        
3.01295571     80396.8951        
3.012048193    80395.4042        
3.011141223    80393.8951        
3.010234798    80392.368         
3.00932892     80390.8229        
3.008423586    80389.2597        
3.007518797    80387.6785        
3.006614552    80386.0793        
3.005710851    80384.4621        
3.004807692    80382.827         
3.003905077    80381.1738        
3.003003003    80379.5027        
3.002101471    80377.8136        
3.00120048     80376.1066        
3.00030003     80374.3816        
2.99940012     80372.6388        
2.99850075     80370.878         
2.997601918    80369.0993        
2.996703626    80367.3027        
2.995805872    80365.4882        
2.994908655    80363.6558        
2.994011976    80361.8056        
2.993115834    80359.9376        
2.992220227    80358.0517        
2.991325157    80356.148         
2.990430622    80354.2264        
2.989536622    80352.2871        
2.988643156    80350.3299        
2.987750224    80348.355         
2.986857826    80346.3623        
2.98596596     80344.3518        
2.985074627    80342.3236        
2.984183826    80340.2776        
2.983293556    80338.2139        
2.982403817    80336.1324        
2.981514609    80334.0333        
2.980625931    80331.9164        
2.979737783    80329.7819        
2.978850164    80327.6297        
2.977963073    80325.4598        
2.977076511    80323.2722        
2.976190476    80321.067         
2.975304969    80318.8442        
2.974419988    80316.6037        
2.973535534    80314.3456        
2.972651605    80312.0699        
2.971768202    80309.7766        
2.970885324    80307.4658        
2.97000297     80305.1373        
2.96912114     80302.7913        
2.968239834    80300.4277        
2.96735905     80298.0466        
2.96647879     80295.648         
2.965599051    80293.2318        
2.964719834    80290.7982        
2.963841138    80288.347         
2.962962963    80285.8783        
2.962085308    80283.3922        
2.961208173    80280.8886        
2.960331557    80278.3675        
2.95945546     80275.829         
2.958579882    80273.2731        
2.957704821    80270.6997        
2.956830278    80268.1089        
2.955956252    80265.5007        
2.955082742    80262.8752        
2.954209749    80260.2322        
2.953337271    80257.5719        
2.952465309    80254.8942        
2.951593861    80252.1991        
2.950722927    80249.4867        
2.949852507    80246.757         
2.948982601    80244.01          
2.948113208    80241.2457        
2.947244327    80238.464         
2.946375958    80235.6651        
2.9455081      80232.8489        
2.944640754    80230.0154        
2.943773918    80227.1647        
2.942907593    80224.2968        
2.942041777    80221.4116        
2.941176471    80218.5092        
2.940311673    80215.5895        
2.939447384    80212.6527        
2.938583603    80209.6987        
2.937720329    80206.7275        
2.936857562    80203.7391        
2.935995302    80200.7336        
2.935133549    80197.711         
2.9342723      80194.6712        
2.933411558    80191.6143        
2.93255132     80188.5402        
2.931691586    80185.4491        
2.930832356    80182.3408        
2.92997363     80179.2155        
2.929115407    80176.0731        
2.928257687    80172.9137        
2.927400468    80169.7372        
2.926543752    80166.5437        
2.925687537    80163.3331        
2.924831822    80160.1055        
2.923976608    80156.861         
2.923121894    80153.5994        
2.92226768     80150.3208        
2.921413964    80147.0253        
2.920560748    80143.7128        
2.919708029    80140.3833        
2.918855809    80137.0369        
2.918004085    80133.6736        
2.917152859    80130.2934        
2.916302129    80126.8962        
2.915451895    80123.4822        
2.914602157    80120.0512        
2.913752914    80116.6034        
2.912904165    80113.1387        
2.912055911    80109.6572        
2.911208151    80106.1588        
2.910360885    80102.6436        
2.909514111    80099.1116        
2.90866783     80095.5627        
2.907822041    80091.9971        
2.906976744    80088.4146        
2.906131938    80084.8154        
2.905287623    80081.1994        
2.904443799    80077.5667        
2.903600465    80073.9172        
2.90275762     80070.251         
2.901915264    80066.568         
2.901073397    80062.8684        
2.900232019    80059.152         
2.899391128    80055.419         
2.898550725    80051.6692        
2.897710808    80047.9028        
2.896871379    80044.1197        
2.896032436    80040.32          
2.895193978    80036.5037        
2.894356006    80032.6707        
2.893518519    80028.8211        
2.892681516    80024.9549        
2.891844997    80021.0721        
2.891008962    80017.1727        
2.89017341     80013.2567        
2.889338342    80009.3242        
2.888503755    80005.3751        
2.887669651    80001.4095        
2.886836028    79997.4274        
2.886002886    79993.4287        
2.885170225    79989.4136        
2.884338044    79985.3819        
2.883506344    79981.3338        
2.882675123    79977.2691        
2.88184438     79973.1881        
2.881014117    79969.0905        
2.880184332    79964.9765        
2.879355024    79960.8461        
2.878526195    79956.6993        
2.877697842    79952.5361        
2.876869965    79948.3564        
2.876042565    79944.1604        
2.875215641    79939.948         
2.874389192    79935.7192        
2.873563218    79931.4741        
2.872737719    79927.2126        
2.871912694    79922.9348        
2.871088142    79918.6407        
2.870264064    79914.3303        
2.869440459    79910.0035        
2.868617326    79905.6605        
2.867794666    79901.3012        
2.866972477    79896.9256        
2.86615076     79892.5338        
2.865329513    79888.1257        
2.864508737    79883.7014        
2.863688431    79879.2609        
2.862868594    79874.8041        
2.862049227    79870.3312        
2.861230329    79865.842         
2.860411899    79861.3367        
2.859593938    79856.8152        
2.858776444    79852.2776        
2.857959417    79847.7238        
2.857142857    79843.1539        
2.856326764    79838.5678        
2.855511136    79833.9656        
2.854695975    79829.3474        
2.853881279    79824.713         
2.853067047    79820.0626        
2.85225328     79815.396         
2.851439977    79810.7135        
2.850627138    79806.0148        
2.849814762    79801.3002        
2.849002849    79796.5695        
2.848191398    79791.8228        
2.84738041     79787.0601        
2.846569883    79782.2814        
2.845759818    79777.4867        
2.844950213    79772.676         
2.844141069    79767.8494        
2.843332386    79763.0068        
2.842524161    79758.1483        
2.841716397    79753.2739        
2.840909091    79748.3835        
2.840102244    79743.4773        
2.839295855    79738.5551        
2.838489923    79733.6171        
2.837684449    79728.6631        
2.836879433    79723.6934        
2.836074872    79718.7077        
2.835270768    79713.7063        
2.83446712     79708.689         
2.833663927    79703.6559        
2.83286119     79698.6069        
2.832058907    79693.5422        
2.831257078    79688.4617        
2.830455703    79683.3654        
2.829654782    79678.2534        
2.828854314    79673.1256        
2.828054299    79667.982         
2.827254736    79662.8228        
2.826455625    79657.6478        
2.825656965    79652.4571        
2.824858757    79647.2507        
2.824061       79642.0286        
2.823263693    79636.7909        
2.822466836    79631.5374        
2.821670429    79626.2684        
2.820874471    79620.9837        
2.820078962    79615.6833        
2.819283902    79610.3673        
2.81848929     79605.0358        
2.817695125    79599.6886        
2.816901408    79594.3258        
2.816108139    79588.9475        
2.815315315    79583.5536        
2.814522938    79578.1441        
2.813731007    79572.7191        
2.812939522    79567.2786        
2.812148481    79561.8225        
2.811357886    79556.351         
2.810567735    79550.8639        
2.809778028    79545.3613        
2.808988764    79539.8433        
2.808199944    79534.3098        
2.807411567    79528.7608        
2.806623632    79523.1964        
2.805836139    79517.6166        
2.805049088    79512.0214        
2.804262479    79506.4107        
2.803476311    79500.7846        
2.802690583    79495.1432        
2.801905296    79489.4863        
2.801120448    79483.8141        
2.80033604     79478.1266        
2.799552072    79472.4237        
2.798768542    79466.7054        
2.79798545     79460.9719        
2.797202797    79455.223         
2.796420582    79449.4588        
2.795638803    79443.6794        
2.794857462    79437.8846        
2.794076558    79432.0746        
2.793296089    79426.2494        
2.792516057    79420.4088        
2.79173646     79414.5531        
2.790957298    79408.6821        
2.790178571    79402.7959        
2.789400279    79396.8946        
2.788622421    79390.978         
2.787844996    79385.0462        
2.787068004    79379.0993        
2.786291446    79373.1372        
2.78551532     79367.16          
2.784739627    79361.1676        
2.783964365    79355.1601        
2.783189535    79349.1375        
2.782415136    79343.0998        
2.781641168    79337.047         
2.780867631    79330.9792        
2.780094523    79324.8962        
2.779321845    79318.7982        
2.778549597    79312.6852        
2.777777778    79306.5571        
2.777006387    79300.414         
2.776235425    79294.2558        
2.77546489     79288.0827        
2.774694784    79281.8946        
2.773925104    79275.6915        
2.773155851    79269.4734        
2.772387025    79263.2404        
2.771618625    79256.9924        
2.770850651    79250.7295        
2.770083102    79244.4516        
2.769315979    79238.1589        
2.76854928     79231.8512        
2.767783006    79225.5287        
2.767017156    79219.1912        
2.766251729    79212.8389        
2.765486726    79206.4718        
2.764722145    79200.0897        
2.763957988    79193.6929        
2.763194253    79187.2812        
2.762430939    79180.8547        
2.761668048    79174.4134        
2.760905577    79167.9573        
2.760143527    79161.4865        
2.759381898    79155.0008        
2.75862069     79148.5004        
2.757859901    79141.9853        
2.757099531    79135.4554        
2.756339581    79128.9108        
2.75558005     79122.3514        
2.754820937    79115.7774        
2.754062242    79109.1887        
2.753303965    79102.5853        
2.752546105    79095.9672        
2.751788663    79089.3344        
2.751031637    79082.687         
2.750275028    79076.025         
2.749518834    79069.3483        
2.748763057    79062.6571        
2.748007694    79055.9512        
2.747252747    79049.2307        
2.746498215    79042.4957        
2.745744097    79035.746         
2.744990393    79028.9818        
2.744237102    79022.2031        
2.743484225    79015.4098        
2.742731761    79008.602         
2.741979709    79001.7797        
2.74122807     78994.9429        
2.740476843    78988.0915        
2.739726027    78981.2257        
2.738975623    78974.3454        
2.73822563     78967.4507        
2.737476047    78960.5415        
2.736726875    78953.6179        
2.735978112    78946.6798        
2.735229759    78939.7273        
2.734481816    78932.7605        
2.733734281    78925.7792        
2.732987155    78918.7835        
2.732240437    78911.7735        
2.731494127    78904.7491        
2.730748225    78897.7103        
2.73000273     78890.6572        
2.729257642    78883.5898        
2.72851296     78876.5081        
2.727768685    78869.412         
2.727024816    78862.3017        
2.726281352    78855.1771        
2.725538294    78848.0382        
2.72479564     78840.885         
2.724053391    78833.7176        
2.723311547    78826.536         
2.722570106    78819.3401        
2.721829069    78812.13          
2.721088435    78804.9057        
2.720348205    78797.6672        
2.719608376    78790.4145        
2.718868951    78783.1477        
2.718129927    78775.8666        
2.717391304    78768.5715        
2.716653083    78761.2621        
2.715915263    78753.9387        
2.715177844    78746.6011        
2.714440825    78739.2495        
2.713704206    78731.8837        
2.712967987    78724.5038        
2.712232167    78717.1099        
2.711496746    78709.7019        
2.710761724    78702.2799        
2.7100271      78694.8438        
2.709292875    78687.3937        
2.708559047    78679.9296        
2.707825616    78672.4514        
2.707092583    78664.9593        
2.706359946    78657.4531        
2.705627706    78649.933         
2.704895862    78642.399         
2.704164413    78634.851         
2.70343336     78627.289         
2.702702703    78619.7131        
2.70197244     78612.1233        
2.701242572    78604.5196        
2.700513097    78596.902         
2.699784017    78589.2705        
2.699055331    78581.6251        
2.698327037    78573.9659        
2.697599137    78566.2928        
2.696871629    78558.6058        
2.696144513    78550.9051        
2.69541779     78543.1905        
2.694691458    78535.4621        
2.693965517    78527.7199        
2.693239968    78519.9639        
2.692514809    78512.1941        
2.69179004     78504.4106        
2.691065662    78496.6133        
2.690341673    78488.8023        
2.689618074    78480.9775        
2.688894864    78473.1391        
2.688172043    78465.2869        
2.68744961     78457.421         
2.686727566    78449.5414        
2.686005909    78441.6482        
2.68528464     78433.7413        
2.684563758    78425.8207        
2.683843264    78417.8865        
2.683123155    78409.9386        
2.682403433    78401.9772        
2.681684098    78394.0021        
2.680965147    78386.0134        
2.680246583    78378.0111        
2.679528403    78369.9953        
2.678810608    78361.9659        
2.678093198    78353.9229        
2.677376171    78345.8664        
2.676659529    78337.7964        
2.67594327     78329.7128        
2.675227394    78321.6157        
2.674511902    78313.5052        
2.673796791    78305.3811        
2.673082064    78297.2436        
2.672367718    78289.0926        
2.671653754    78280.9281        
2.670940171    78272.7502        
2.670226969    78264.5588        
2.669514148    78256.3541        
2.668801708    78248.1359        
2.668089648    78239.9043        
2.667377967    78231.6593        
2.666666667    78223.401         
2.665955745    78215.1293        
2.665245203    78206.8442        
2.664535039    78198.5458        
2.663825253    78190.234         
2.663115846    78181.9089        
2.662406816    78173.5705        
2.661698163    78165.2189        
2.660989888    78156.8539        
2.66028199     78148.4756        
2.659574468    78140.0841        
2.658867323    78131.6793        
2.658160553    78123.2612        
2.657454159    78114.83          
2.65674814     78106.3855        
2.656042497    78097.9278        
2.655337228    78089.4568        
2.654632333    78080.9727        
2.653927813    78072.4755        
2.653223667    78063.965         
2.652519894    78055.4414        
2.651816494    78046.9046        
2.651113468    78038.3547        
2.650410814    78029.7917        
2.649708532    78021.2156        
2.649006623    78012.6263        
2.648305085    78004.024         
2.647603918    77995.4086        
2.646903123    77986.7801        
2.646202699    77978.1385        
2.645502646    77969.484         
2.644802962    77960.8163        
2.644103649    77952.1357        
2.643404705    77943.442         
2.642706131    77934.7353        
2.642007926    77926.0156        
2.64131009     77917.283         
2.640612622    77908.5374        
2.639915523    77899.7788        
2.639218791    77891.0072        
2.638522427    77882.2228        
2.637826431    77873.4253        
2.637130802    77864.615         
2.636435539    77855.7918        
2.635740643    77846.9557        
2.635046113    77838.1067        
2.634351949    77829.2448        
2.633658151    77820.3701        
2.632964718    77811.4825        
2.63227165     77802.582         
2.631578947    77793.6688        
2.630886609    77784.7427        
2.630194634    77775.8038        
2.629503024    77766.8521        
2.628811777    77757.8877        
2.628120894    77748.9104        
2.627430373    77739.9204        
2.626740215    77730.9177        
2.62605042     77721.9022        
2.625360987    77712.874         
2.624671916    77703.833         
2.623983207    77694.7794        
2.623294858    77685.713         
2.622606871    77676.634         
2.621919245    77667.5423        
2.621231979    77658.4379        
2.620545073    77649.3209        
2.619858528    77640.1912        
2.619172342    77631.0489        
2.618486515    77621.894         
2.617801047    77612.7264        
2.617115938    77603.5463        
2.616431188    77594.3536        
2.615746796    77585.1483        
2.615062762    77575.9304        
2.614379085    77566.7           
2.613695766    77557.4571        
2.613012804    77548.2016        
2.612330199    77538.9336        
2.61164795     77529.653         
2.610966057    77520.36          
2.610284521    77511.0545        
2.60960334     77501.7365        
2.608922515    77492.406         
2.608242045    77483.0631        
2.60756193     77473.7077        
2.606882169    77464.34          
2.606202763    77454.9597        
2.60552371     77445.5671        
2.604845012    77436.1621        
2.604166667    77426.7446        
2.603488675    77417.3148        
2.602811036    77407.8727        
2.60213375     77398.4181        
2.601456816    77388.9512        
2.600780234    77379.472         
2.600104004    77369.9805        
2.599428126    77360.4766        
2.598752599    77350.9605        
2.598077423    77341.432         
2.597402597    77331.8913        
2.596728123    77322.3383        
2.596053998    77312.773         
2.595380223    77303.1955        
2.594706798    77293.6057        
2.594033722    77284.0038        
2.593360996    77274.3896        
2.592688618    77264.7632        
2.592016589    77255.1246        
2.591344908    77245.4738        
2.590673575    77235.8108        
2.59000259     77226.1357        
2.589331952    77216.4485        
2.588661662    77206.7491        
2.587991718    77197.0375        
2.587322122    77187.3139        
2.586652871    77177.5781        
2.585983967    77167.8303        
2.585315408    77158.0703        
2.584647196    77148.2983        
2.583979328    77138.5142        
2.583311806    77128.7181        
2.582644628    77118.9099        
2.581977795    77109.0897        
2.581311306    77099.2575        
2.580645161    77089.4133        
2.57997936     77079.557         
2.579313903    77069.6888        
2.578648788    77059.8086        
2.577984016    77049.9165        
2.577319588    77040.0124        
2.576655501    77030.0963        
2.575991757    77020.1683        
2.575328354    77010.2284        
2.574665294    77000.2766        
2.574002574    76990.3128        
2.573340196    76980.3372        
2.572678158    76970.3497        
2.572016461    76960.3503        
2.571355104    76950.3391        
2.570694087    76940.316         
2.57003341     76930.2811        
2.569373073    76920.2344        
2.568713075    76910.1759        
2.568053416    76900.1055        
2.567394095    76890.0234        
2.566735113    76879.9295        
2.566076469    76869.8238        
2.565418163    76859.7063        
2.564760195    76849.5771        
2.564102564    76839.4362        
2.56344527     76829.2835        
2.562788314    76819.1191        
2.562131694    76808.943         
2.56147541     76798.7553        
2.560819462    76788.5558        
2.56016385     76778.3446        
2.559508574    76768.1218        
2.558853634    76757.8874        
2.558199028    76747.6413        
2.557544757    76737.3836        
2.556890821    76727.1142        
2.556237219    76716.8333        
2.555583951    76706.5407        
2.554931017    76696.2366        
2.554278416    76685.9209        
2.553626149    76675.5936        
2.552974215    76665.2548        
2.552322614    76654.9044        
2.551671345    76644.5425        
2.551020408    76634.1691        
2.550369804    76623.7841        
2.549719531    76613.3877        
2.54906959     76602.9797        
2.54841998     76592.5603        
2.547770701    76582.1295        
2.547121752    76571.6871        
2.546473135    76561.2333        
2.545824847    76550.7681        
2.54517689     76540.2915        
2.544529262    76529.8034        
2.543881964    76519.304         
2.543234995    76508.7931        
2.542588355    76498.2709        
2.541942044    76487.7373        
2.541296061    76477.1923        
2.540650407    76466.636         
2.54000508     76456.0683        
2.539360081    76445.4894        
2.53871541     76434.8991        
2.538071066    76424.2975        
2.537427049    76413.6846        
2.536783359    76403.0604        
2.536139995    76392.4249        
2.535496957    76381.7782        
2.534854246    76371.1202        
2.53421186     76360.451         
2.5335698      76349.7706        
2.532928065    76339.0789        
2.532286655    76328.376         
2.53164557     76317.6619        
2.531004809    76306.9367        
2.530364372    76296.2002        
2.52972426     76285.4526        
2.529084471    76274.6938        
2.528445006    76263.9239        
2.527805865    76253.1429        
2.527167046    76242.3507        
2.52652855     76231.5474        
2.525890376    76220.733         
2.525252525    76209.9076        
2.524614996    76199.071         
2.523977789    76188.2234        
2.523340903    76177.3647        
2.522704339    76166.4949        
2.522068096    76155.6142        
2.521432173    76144.7223        
2.520796572    76133.8195        
2.52016129     76122.9057        
2.519526329    76111.9809        
2.518891688    76101.0451        
2.518257366    76090.0983        
2.517623364    76079.1405        
2.51698968     76068.1718        
2.516356316    76057.1922        
2.51572327     76046.2016        
2.515090543    76035.2001        
2.514458134    76024.1877        
2.513826043    76013.1644        
2.51319427     76002.1302        
2.512562814    75991.0851        
2.511931675    75980.0292        
2.511300854    75968.9624        
2.510670349    75957.8848        
2.510040161    75946.7963        
2.509410289    75935.697         
2.508780733    75924.5869        
2.508151492    75913.466         
2.507522568    75902.3342        
2.506893958    75891.1918        
2.506265664    75880.0385        
2.505637685    75868.8745        
2.50501002     75857.6997        
2.50438267     75846.5142        
2.503755633    75835.3179        
2.503128911    75824.111         
2.502502503    75812.8933        
2.501876407    75801.6649        
2.501250625    75790.4259        
2.500625156    75779.1761        
2.5            75767.9157        
2.499375156    75756.6447        
2.498750625    75745.363         
2.498126405    75734.0706        
2.497502498    75722.7677        
2.496878901    75711.4541        
2.496255617    75700.13          
2.495632643    75688.7952        
2.49500998     75677.4499        
2.494387628    75666.094         
2.493765586    75654.7275        
2.493143854    75643.3505        
2.492522433    75631.9629        
2.491901321    75620.5648        
2.491280518    75609.1562        
2.490660025    75597.7371        
2.490039841    75586.3075        
2.489419965    75574.8675        
2.488800398    75563.4169        
2.48818114     75551.9559        
2.487562189    75540.4844        
2.486943546    75529.0025        
2.486325211    75517.5101        
2.485707184    75506.0074        
2.485089463    75494.4942        
2.48447205     75482.9706        
2.483854943    75471.4366        
2.483238143    75459.8923        
2.482621648    75448.3375        
2.48200546     75436.7724        
2.481389578    75425.197         
2.480774001    75413.6112        
2.48015873     75402.0152        
2.479543764    75390.4087        
2.478929103    75378.792         
2.478314746    75367.165         
2.477700694    75355.5277        
2.477086946    75343.8801        
2.476473502    75332.2223        
2.475860361    75320.5542        
2.475247525    75308.8759        
2.474634991    75297.1873        
2.474022761    75285.4886        
2.473410834    75273.7796        
2.472799209    75262.0604        
2.472187886    75250.331         
2.471576866    75238.5914        
2.470966148    75226.8417        
2.470355731    75215.0818        
2.469745616    75203.3118        
2.469135802    75191.5316        
2.46852629     75179.7413        
2.467917078    75167.9409        
2.467308167    75156.1303        
2.466699556    75144.3097        
2.466091245    75132.479         
2.465483235    75120.6382        
2.464875524    75108.7874        
2.464268112    75096.9265        
2.463661       75085.0555        
2.463054187    75073.1746        
2.462447673    75061.2836        
2.461841457    75049.3825        
2.46123554     75037.4715        
2.460629921    75025.5505        
2.4600246      75013.6196        
2.459419577    75001.6786        
2.458814851    74989.7277        
2.458210423    74977.7668        
2.457606291    74965.796         
2.457002457    74953.8153        
2.456398919    74941.8247        
2.455795678    74929.8241        
2.455192733    74917.8137        
2.454590083    74905.7933        
2.45398773     74893.7631        
2.453385672    74881.723         
2.45278391     74869.6731        
2.452182442    74857.6133        
2.45158127     74845.5437        
2.450980392    74833.4643        
2.450379809    74821.375         
2.44977952     74809.276         
2.449179525    74797.1671        
2.448579824    74785.0485        
2.447980416    74772.9201        
2.447381302    74760.7819        
2.446782481    74748.634         
2.446183953    74736.4764        
2.445585718    74724.309         
2.444987775    74712.1319        
2.444390125    74699.9451        
2.443792766    74687.7486        
2.4431957      74675.5424        
2.442598925    74663.3265        
2.442002442    74651.1009        
2.44140625     74638.8657        
2.440810349    74626.6209        
2.440214739    74614.3664        
2.439619419    74602.1023        
2.43902439     74589.8285        
2.438429651    74577.5452        
2.437835202    74565.2523        
2.437241043    74552.9498        
2.436647173    74540.6377        
2.436053593    74528.316         
2.435460302    74515.9848        
2.4348673      74503.644         
2.434274586    74491.2937        
2.433682161    74478.9339        
2.433090024    74466.5646        
2.432498176    74454.1858        
2.431906615    74441.7975        
2.431315342    74429.3997        
2.430724356    74416.9924        
2.430133657    74404.5756        
2.429543246    74392.1495        
2.428953121    74379.7138        
2.428363283    74367.2688        
2.427773731    74354.8143        
2.427184466    74342.3504        
2.426595487    74329.8771        
2.426006793    74317.3944        
2.425418385    74304.9024        
2.424830262    74292.401         
2.424242424    74279.8902        
2.423654872    74267.37          
2.423067604    74254.8406        
2.42248062     74242.3018        
2.421893921    74229.7537        
2.421307506    74217.1962        
2.420721375    74204.6295        
2.420135528    74192.0535        
2.419549964    74179.4682        
2.418964683    74166.8737        
2.418379686    74154.2699        
2.417794971    74141.6568        
2.417210539    74129.0346        
2.41662639     74116.4031        
2.416042522    74103.7623        
2.415458937    74091.1124        
2.414875634    74078.4533        
2.414292612    74065.785         
2.413709872    74053.1075        
2.413127413    74040.4209        
2.412545235    74027.7251        
2.411963338    74015.0201        
2.411381722    74002.306         
2.410800386    73989.5828        
2.41021933     73976.8505        
2.409638554    73964.1091        
2.409058058    73951.3586        
2.408477842    73938.599         
2.407897905    73925.8304        
2.407318247    73913.0527        
2.406738869    73900.2659        
2.406159769    73887.4701        
2.405580948    73874.6652        
2.405002405    73861.8514        
2.40442414     73849.0285        
2.403846154    73836.1966        
2.403268445    73823.3558        
2.402691014    73810.5059        
2.40211386     73797.6471        
2.401536984    73784.7793        
2.400960384    73771.9026        
2.400384061    73759.017         
2.399808015    73746.1224        
2.399232246    73733.2189        
2.398656752    73720.3064        
2.398081535    73707.3851        
2.397506593    73694.4549        
2.396931927    73681.5158        
2.396357537    73668.5679        
2.395783421    73655.6111        
2.395209581    73642.6454        
2.394636015    73629.6709        
2.394062724    73616.6876        
2.393489708    73603.6954        
2.392916966    73590.6945        
2.392344498    73577.6847        
2.391772303    73564.6662        
2.391200383    73551.6389        
2.390628735    73538.6028        
2.390057361    73525.5579        
2.38948626     73512.5043        
2.388915432    73499.442         
2.388344877    73486.371         
2.387774594    73473.2912        
2.387204583    73460.2027        
2.386634845    73447.1056        
2.386065378    73433.9997        
2.385496183    73420.8852        
2.38492726     73407.762         
2.384358608    73394.6301        
2.383790226    73381.4896        
2.383222116    73368.3404        
2.382654277    73355.1827        
2.382086708    73342.0163        
2.381519409    73328.8413        
2.380952381    73315.6577        
2.380385622    73302.4655        
2.379819134    73289.2648        
2.379252915    73276.0555        
2.378686965    73262.8376        
2.378121284    73249.6112        
2.377555873    73236.3762        
2.37699073     73223.1328        
2.376425856    73209.8808        
2.37586125     73196.6203        
2.375296912    73183.3513        
2.374732843    73170.0738        
2.374169041    73156.7878        
2.373605507    73143.4934        
2.37304224     73130.1905        
2.372479241    73116.8792        
2.371916509    73103.5594        
2.371354043    73090.2313        
2.370791844    73076.8946        
2.370229912    73063.5496        
2.369668246    73050.1962        
2.369106847    73036.8344        
2.368545713    73023.4643        
2.367984845    73010.0857        
2.367424242    72996.6988        
2.366863905    72983.3036        
2.366303833    72969.9           
2.365744026    72956.4881        
2.365184484    72943.0679        
2.364625207    72929.6394        
2.364066194    72916.2026        
2.363507445    72902.7575        
2.36294896     72889.3041        
2.362390739    72875.8425        
2.361832782    72862.3725        
2.361275089    72848.8944        
2.360717658    72835.408         
2.360160491    72821.9134        
2.359603587    72808.4106        
2.359046945    72794.8995        
2.358490566    72781.3803        
2.357934449    72767.8529        
2.357378595    72754.3173        
2.356823003    72740.7735        
2.356267672    72727.2216        
2.355712603    72713.6615        
2.355157796    72700.0933        
2.354603249    72686.5169        
2.354048964    72672.9325        
2.35349494     72659.3399        
2.352941176    72645.7393        
2.352387673    72632.1305        
2.351834431    72618.5137        
2.351281448    72604.8888        
2.350728726    72591.2558        
2.350176263    72577.6148        
2.34962406     72563.9658        
2.349072117    72550.3087        
2.348520432    72536.6436        
2.347969007    72522.9705        
2.34741784     72509.2894        
2.346866933    72495.6003        
2.346316283    72481.9032        
2.345765893    72468.1982        
2.34521576     72454.4852        
2.344665885    72440.7642        
2.344116268    72427.0353        
2.343566909    72413.2985        
2.343017807    72399.5538        
2.342468962    72385.8011        
2.341920375    72372.0405        
2.341372044    72358.2721        
2.34082397     72344.4957        
2.340276153    72330.7115        
2.339728591    72316.9195        
2.339181287    72303.1195        
2.338634238    72289.3118        
2.338087444    72275.4962        
2.337540907    72261.6728        
2.336994625    72247.8415        
2.336448598    72234.0025        
2.335902826    72220.1557        
2.33535731     72206.301         
2.334812048    72192.4387        
2.33426704     72178.5685        
2.333722287    72164.6906        
2.333177788    72150.8049        
2.332633543    72136.9115        
2.332089552    72123.0104        
2.331545815    72109.1016        
2.331002331    72095.1851        
2.3304591      72081.2608        
2.329916123    72067.3289        
2.329373399    72053.3893        
2.328830927    72039.442         
2.328288708    72025.4871        
2.327746741    72011.5245        
2.327205027    71997.5543        
2.326663564    71983.5765        
2.326122354    71969.591         
2.325581395    71955.598         
2.325040688    71941.5973        
2.324500232    71927.589         
2.323960028    71913.5732        
2.323420074    71899.5498        
2.322880372    71885.5188        
2.32234092     71871.4803        
2.321801718    71857.4342        
2.321262767    71843.3807        
2.320724066    71829.3195        
2.320185615    71815.2509        
2.319647414    71801.1748        
2.319109462    71787.0912        
2.31857176     71773.0001        
2.318034307    71758.9015        
2.317497103    71744.7954        
2.316960148    71730.6819        
2.316423442    71716.561         
2.315886985    71702.4326        
2.315350776    71688.2968        
2.314814815    71674.1536        
2.314279102    71660.003         
2.313743637    71645.8449        
2.31320842     71631.6795        
2.312673451    71617.5068        
2.312138728    71603.3266        
2.311604253    71589.1391        
2.311070025    71574.9442        
2.310536044    71560.742         
2.31000231     71546.5325        
2.309468822    71532.3156        
2.308935581    71518.0915        
2.308402585    71503.86          
2.307869836    71489.6213        
2.307337333    71475.3752        
2.306805075    71461.1219        
2.306273063    71446.8613        
2.305741296    71432.5935        
2.305209774    71418.3185        
2.304678497    71404.0361        
2.304147465    71389.7466        
2.303616678    71375.4499        
2.303086135    71361.1459        
2.302555837    71346.8348        
2.302025783    71332.5165        
2.301495972    71318.191         
2.300966406    71303.8583        
2.300437083    71289.5185        
2.299908004    71275.1715        
2.299379168    71260.8174        
2.298850575    71246.4561        
2.298322225    71232.0878        
2.297794118    71217.7123        
2.297266253    71203.3297        
2.296738631    71188.94          
2.296211251    71174.5433        
2.295684114    71160.1395        
2.295157218    71145.7286        
2.294630564    71131.3106        
2.294104152    71116.8857        
2.293577982    71102.4537        
2.293052052    71088.0146        
2.292526364    71073.5686        
2.292000917    71059.1155        
2.29147571     71044.6554        
2.290950745    71030.1884        
2.290426019    71015.7144        
2.289901534    71001.2334        
2.289377289    70986.7454        
2.288853285    70972.2505        
2.288329519    70957.7487        
2.287805994    70943.2399        
2.287282708    70928.7242        
2.286759662    70914.2016        
2.286236854    70899.6721        
2.285714286    70885.1357        
2.285191956    70870.5925        
2.284669865    70856.0423        
2.284148013    70841.4853        
2.283626399    70826.9214        
2.283105023    70812.3507        
2.282583885    70797.7731        
2.282062985    70783.1888        
2.281542323    70768.5976        
2.281021898    70753.9996        
2.28050171     70739.3947        
2.27998176     70724.7831        
2.279462047    70710.1648        
2.278942571    70695.5396        
2.278423331    70680.9077        
2.277904328    70666.2691        
2.277385561    70651.6237        
2.276867031    70636.9715        
2.276348737    70622.3127        
2.275830678    70607.6471        
2.275312856    70592.9748        
2.274795268    70578.2958        
2.274277917    70563.6102        
2.2737608      70548.9178        
2.273243919    70534.2188        
2.272727273    70519.5131        
2.272210861    70504.8008        
2.271694684    70490.0819        
2.271178742    70475.3563        
2.270663034    70460.6241        
2.27014756     70445.8853        
2.26963232     70431.1398        
2.269117313    70416.3878        
2.268602541    70401.6292        
2.268088002    70386.864         
2.267573696    70372.0923        
2.267059624    70357.314         
2.266545784    70342.5291        
2.266032178    70327.7378        
2.265518804    70312.9398        
2.265005663    70298.1354        
2.264492754    70283.3245        
2.263980077    70268.507         
2.263467632    70253.6831        
2.26295542     70238.8527        
2.262443439    70224.0158        
2.26193169     70209.1724        
2.261420172    70194.3226        
2.260908885    70179.4663        
2.26039783     70164.6037        
2.259887006    70149.7345        
2.259376412    70134.859         
2.258866049    70119.977         
2.258355917    70105.0887        
2.257846015    70090.194         
2.257336343    70075.2928        
2.256826901    70060.3854        
2.25631769     70045.4715        
2.255808707    70030.5513        
2.255299955    70015.6247        
2.254791432    70000.6919        
2.254283138    69985.7526        
2.253775073    69970.8071        
2.253267237    69955.8553        
2.252759631    69940.8971        
2.252252252    69925.9327        
2.251745102    69910.962         
2.251238181    69895.985         
2.250731488    69881.0018        
2.250225023    69866.0123        
2.249718785    69851.0166        
2.249212776    69836.0146        
2.248706993    69821.0064        
2.248201439    69805.992         
2.247696111    69790.9714        
2.247191011    69775.9445        
2.246686138    69760.9115        
2.246181491    69745.8723        
2.245677072    69730.827         
2.245172878    69715.7755        
2.244668911    69700.7178        
2.244165171    69685.654         
2.243661656    69670.584         
2.243158367    69655.508         
2.242655304    69640.4258        
2.242152466    69625.3375        
2.241649854    69610.2431        
2.241147468    69595.1426        
2.240645306    69580.036         
2.240143369    69564.9234        
2.239641657    69549.8047        
2.23914017     69534.6799        
2.238638908    69519.5491        
2.238137869    69504.4123        
2.237637055    69489.2694        
2.237136465    69474.1206        
2.236636099    69458.9657        
2.236135957    69443.8048        
2.235636038    69428.6379        
2.235136343    69413.4651        
2.234636872    69398.2862        
2.234137623    69383.1015        
2.233638597    69367.9107        
2.233139795    69352.714         
2.232641215    69337.5114        
2.232142857    69322.3029        
2.231644722    69307.0884        
2.231146809    69291.868         
2.230649119    69276.6418        
2.23015165     69261.4096        
2.229654404    69246.1715        
2.229157379    69230.9276        
2.228660575    69215.6778        
2.228163993    69200.4222        
2.227667632    69185.1607        
2.227171492    69169.8934        
2.226675573    69154.6203        
2.226179875    69139.3413        
2.225684398    69124.0565        
2.225189141    69108.7659        
2.224694105    69093.4696        
2.224199288    69078.1674        
2.223704692    69062.8595        
2.223210316    69047.5458        
2.222716159    69032.2263        
2.222222222    69016.9011        
2.221728505    69001.5702        
2.221235007    68986.2335        
2.220741728    68970.8911        
2.220248668    68955.543         
2.219755827    68940.1892        
2.219263205    68924.8297        
2.218770801    68909.4645        
2.218278616    68894.0937        
2.217786649    68878.7171        
2.2172949      68863.335         
2.21680337     68847.9471        
2.216312057    68832.5536        
2.215820962    68817.1545        
2.215330084    68801.7498        
2.214839424    68786.3394        
2.214348981    68770.9235        
2.213858756    68755.5019        
2.213368747    68740.0748        
2.212878956    68724.6421        
2.212389381    68709.2038        
2.211900022    68693.7599        
2.21141088     68678.3105        
2.210921954    68662.8556        
2.210433245    68647.3951        
2.209944751    68631.9291        
2.209456474    68616.4575        
2.208968412    68600.9805        
2.208480565    68585.4979        
2.207992934    68570.0099        
2.207505519    68554.5164        
2.207018318    68539.0174        
2.206531333    68523.513         
2.206044562    68508.0031        
2.205558006    68492.4877        
2.205071665    68476.9669        
2.204585538    68461.4407        
2.204099625    68445.909         
2.203613927    68430.372         
2.203128442    68414.8295        
2.202643172    68399.2817        
2.202158115    68383.7284        
2.201673272    68368.1698        
2.201188642    68352.6058        
2.200704225    68337.0364        
2.200220022    68321.4617        
2.199736032    68305.8817        
2.199252254    68290.2963        
2.19876869     68274.7056        
2.198285337    68259.1096        
2.197802198    68243.5083        
2.19731927     68227.9016        
2.196836555    68212.2897        
2.196354052    68196.6725        
2.195871761    68181.0501        
2.195389682    68165.4223        
2.194907814    68149.7893        
2.194426158    68134.1511        
2.193944713    68118.5076        
2.193463479    68102.8589        
2.192982456    68087.205         
2.192501644    68071.5458        
2.192021043    68055.8815        
2.191540653    68040.2119        
2.191060473    68024.5372        
2.190580504    68008.8573        
2.190100745    67993.1722        
2.189621196    67977.482         
2.189141856    67961.7866        
2.188662727    67946.0861        
2.188183807    67930.3804        
2.187705097    67914.6696        
2.187226597    67898.9537        
2.186748305    67883.2327        
2.186270223    67867.5066        
2.18579235     67851.7754        
2.185314685    67836.0391        
2.18483723     67820.2977        
2.184359983    67804.5513        
2.183882944    67788.7998        
2.183406114    67773.0432        
2.182929491    67757.2816        
2.182453077    67741.515         
2.181976871    67725.7434        
2.181500873    67709.9667        
2.181025082    67694.1851        
2.180549498    67678.3984        
2.180074123    67662.6068        
2.179598954    67646.8102        
2.179123992    67631.0086        
2.178649237    67615.202         
2.17817469     67599.3905        
2.177700348    67583.574         
2.177226214    67567.7526        
2.176752286    67551.9263        
2.176278564    67536.095         
2.175805048    67520.2589        
2.175331738    67504.4178        
2.174858634    67488.5718        
2.174385736    67472.721         
2.173913043    67456.8652        
2.173440556    67441.0046        
2.172968275    67425.1392        
2.172496198    67409.2689        
2.172024327    67393.3937        
2.17155266     67377.5137        
2.171081198    67361.6289        
2.170609941    67345.7393        
2.170138889    67329.8448        
2.169668041    67313.9455        
2.169197397    67298.0415        
2.168726957    67282.1327        
2.168256722    67266.219         
2.16778669     67250.3007        
2.167316862    67234.3775        
2.166847237    67218.4496        
2.166377816    67202.517         
2.165908599    67186.5796        
2.165439584    67170.6375        
2.164970773    67154.6907        
2.164502165    67138.7392        
2.164033759    67122.7829        
2.163565556    67106.822         
2.163097556    67090.8564        
2.162629758    67074.8861        
2.162162162    67058.9112        
2.161694769    67042.9316        
2.161227577    67026.9473        
2.160760588    67010.9584        
2.1602938      66994.9649        
2.159827214    66978.9667        
2.159360829    66962.9639        
2.158894646    66946.9565        
2.158428664    66930.9445        
2.157962883    66914.9279        
2.157497303    66898.9068        
2.157031924    66882.881         
2.156566746    66866.8507        
2.156101768    66850.8158        
2.155636991    66834.7764        
2.155172414    66818.7324        
2.154708037    66802.6839        
2.15424386     66786.6309        
2.153779884    66770.5733        
2.153316107    66754.5113        
2.15285253     66738.4447        
2.152389152    66722.3737        
2.151925974    66706.2981        
2.151462995    66690.2181        
2.151000215    66674.1336        
2.150537634    66658.0447        
2.150075253    66641.9513        
2.14961307     66625.8534        
2.149151085    66609.7512        
2.1486893      66593.6445        
2.148227712    66577.5333        
2.147766323    66561.4178        
2.147305132    66545.2979        
2.146844139    66529.1735        
2.146383344    66513.0448        
2.145922747    66496.9117        
2.145462347    66480.7743        
2.145002145    66464.6325        
2.14454214     66448.4863        
2.144082333    66432.3358        
2.143622722    66416.1809        
2.143163309    66400.0217        
2.142704093    66383.8582        
2.142245073    66367.6904        
2.14178625     66351.5183        
2.141327623    66335.3418        
2.140869193    66319.1611        
2.140410959    66302.9762        
2.139952921    66286.7869        
2.139495079    66270.5934        
2.139037433    66254.3956        
2.138579983    66238.1936        
2.138122728    66221.9873        
2.137665669    66205.7768        
2.137208805    66189.5621        
2.136752137    66173.3432        
2.136295663    66157.12          
2.135839385    66140.8927        
2.135383301    66124.6612        
2.134927412    66108.4255        
2.134471718    66092.1856        
2.134016219    66075.9416        
2.133560913    66059.6933        
2.133105802    66043.441         
2.132650885    66027.1845        
2.132196162    66010.9239        
2.131741633    65994.6591        
2.131287298    65978.3903        
2.130833156    65962.1173        
2.130379207    65945.8402        
2.129925453    65929.559         
2.129471891    65913.2738        
2.129018522    65896.9844        
2.128565347    65880.691         
2.128112364    65864.3936        
2.127659574    65848.092         
2.127206977    65831.7865        
2.126754573    65815.4769        
2.12630236     65799.1633        
2.12585034     65782.8456        
2.125398512    65766.5239        
2.124946876    65750.1983        
2.124495432    65733.8686        
2.12404418     65717.535         
2.12359312     65701.1973        
2.123142251    65684.8557        
2.122691573    65668.5102        
2.122241087    65652.1606        
2.121790791    65635.8072        
2.121340687    65619.4498        
2.120890774    65603.0884        
2.120441052    65586.7231        
2.11999152     65570.354         
2.119542179    65553.9809        
2.119093028    65537.6039        
2.118644068    65521.223         
2.118195298    65504.8382        
2.117746717    65488.4495        
2.117298327    65472.057         
2.116850127    65455.6606        
2.116402116    65439.2604        
2.115954295    65422.8563        
2.115506664    65406.4484        
2.115059222    65390.0367        
2.114611969    65373.6211        
2.114164905    65357.2017        
2.11371803     65340.7785        
2.113271344    65324.3515        
2.112824847    65307.9207        
2.112378538    65291.4862        
2.111932418    65275.0479        
2.111486486    65258.6058        
2.111040743    65242.1599        
2.110595188    65225.7103        
2.110149821    65209.2569        
2.109704641    65192.7999        
2.10925965     65176.339         
2.108814846    65159.8745        
2.10837023     65143.4063        
2.107925801    65126.9343        
2.10748156     65110.4587        
2.107037505    65093.9794        
2.106593638    65077.4963        
2.106149958    65061.0097        
2.105706465    65044.5193        
2.105263158    65028.0253        
2.104820038    65011.5277        
2.104377104    64995.0264        
2.103934357    64978.5214        
2.103491796    64962.0129        
2.103049422    64945.5007        
2.102607233    64928.9849        
2.10216523     64912.4656        
2.101723413    64895.9426        
2.101281782    64879.416         
2.100840336    64862.8859        
2.100399076    64846.3522        
2.099958001    64829.8149        
2.099517111    64813.2741        
2.099076406    64796.7297        
2.098635887    64780.1818        
2.098195552    64763.6303        
2.097755402    64747.0754        
2.097315436    64730.5169        
2.096875655    64713.9549        
2.096436059    64697.3894        
2.095996646    64680.8204        
2.095557418    64664.2479        
2.095118374    64647.672         
2.094679514    64631.0925        
2.094240838    64614.5097        
2.093802345    64597.9233        
2.093364036    64581.3335        
2.09292591     64564.7403        
2.092487968    64548.1436        
2.092050209    64531.5436        
2.091612633    64514.9401        
2.09117524     64498.3331        
2.090738031    64481.7228        
2.090301003    64465.1091        
2.089864159    64448.492         
2.089427497    64431.8716        
2.088991017    64415.2477        
2.08855472     64398.6205        
2.088118605    64381.99          
2.087682672    64365.3561        
2.087246921    64348.7188        
2.086811352    64332.0782        
2.086375965    64315.4343        
2.085940759    64298.7871        
2.085505735    64282.1366        
2.085070892    64265.4828        
2.084636231    64248.8256        
2.084201751    64232.1652        
2.083767452    64215.5015        
2.083333333    64198.8346        
2.082899396    64182.1644        
2.082465639    64165.4909        
2.082032063    64148.8142        
2.081598668    64132.1342        
2.081165453    64115.451         
2.080732418    64098.7645        
2.080299563    64082.0749        
2.079866889    64065.382         
2.079434394    64048.686         
2.079002079    64031.9867        
2.078569944    64015.2843        
2.078137988    63998.5786        
2.077706212    63981.8698        
2.077274616    63965.1579        
2.076843198    63948.4428        
2.07641196     63931.7245        
2.075980901    63915.0031        
2.075550021    63898.2785        
2.075119319    63881.5508        
2.074688797    63864.82          
2.074258453    63848.0861        
2.073828287    63831.3491        
2.0733983      63814.609         
2.072968491    63797.8658        
2.07253886     63781.1195        
2.072109407    63764.3701        
2.071680133    63747.6177        
2.071251036    63730.8622        
2.070822116    63714.1036        
2.070393375    63697.342         
2.069964811    63680.5774        
2.069536424    63663.8097        
2.069108214    63647.039         
2.068680182    63630.2653        
2.068252327    63613.4886        
2.067824648    63596.7089        
2.067397147    63579.9262        
2.066969822    63563.1405        
2.066542674    63546.3518        
2.066115702    63529.5602        
2.065688907    63512.7655        
2.065262288    63495.968         
2.064835846    63479.1675        
2.064409579    63462.364         
2.063983488    63445.5576        
2.063557573    63428.7483        
2.063131834    63411.936         
2.062706271    63395.1209        
2.062280883    63378.3028        
2.06185567     63361.4819        
2.061430633    63344.658         
2.061005771    63327.8313        
2.060581084    63311.0017        
2.060156572    63294.1692        
2.059732235    63277.3339        
2.059308072    63260.4957        
2.058884085    63243.6547        
2.058460272    63226.8108        
2.058036633    63209.9641        
2.057613169    63193.1146        
2.057189879    63176.2622        
2.056766763    63159.4071        
2.056343821    63142.5491        
2.055921053    63125.6884        
2.055498458    63108.8248        
2.055076038    63091.9585        
2.054653791    63075.0894        
2.054231717    63058.2175        
2.053809817    63041.3429        
2.05338809     63024.4656        
2.052966537    63007.5854        
2.052545156    62990.7026        
2.052123948    62973.817         
2.051702913    62956.9287        
2.051282051    62940.0377        
2.050861362    62923.144         
2.050440845    62906.2475        
2.0500205      62889.3484        
2.049600328    62872.4466        
2.049180328    62855.5421        
2.0487605      62838.635         
2.048340844    62821.7251        
2.04792136     62804.8127        
2.047502048    62787.8975        
2.047082907    62770.9798        
2.046663938    62754.0594        
2.04624514     62737.1363        
2.045826514    62720.2107        
2.045408059    62703.2824        
2.044989775    62686.3515        
2.044571662    62669.418         
2.04415372     62652.482         
2.043735949    62635.5433        
2.043318349    62618.6021        
2.042900919    62601.6583        
2.04248366     62584.7119        
2.042066571    62567.763         
2.041649653    62550.8115        
2.041232905    62533.8575        
2.040816327    62516.9009        
2.040399918    62499.9419        
2.03998368     62482.9803        
2.039567612    62466.0161        
2.039151713    62449.0495        
2.038735984    62432.0804        
2.038320424    62415.1088        
2.037905034    62398.1347        
2.037489813    62381.1581        
2.037074761    62364.179         
2.036659878    62347.1975        
2.036245164    62330.2136        
2.035830619    62313.2271        
2.035416243    62296.2383        
2.035002035    62279.247         
2.034587996    62262.2532        
2.034174125    62245.2571        
2.033760423    62228.2585        
2.033346889    62211.2575        
2.032933523    62194.2542        
2.032520325    62177.2484        
2.032107295    62160.2402        
2.031694433    62143.2297        
2.031281739    62126.2168        
2.030869212    62109.2015        
2.030456853    62092.1839        
2.030044661    62075.1639        
2.029632636    62058.1416        
2.029220779    62041.1169        
2.028809089    62024.0899        
2.028397566    62007.0606        
2.02798621     61990.029         
2.02757502     61972.995         
2.027163998    61955.9588        
2.026753141    61938.9203        
2.026342452    61921.8794        
2.025931929    61904.8363        
2.025521572    61887.7909        
2.025111381    61870.7433        
2.024701357    61853.6934        
2.024291498    61836.6412        
2.023881805    61819.5868        
2.023472278    61802.5301        
2.023062917    61785.4712        
2.022653722    61768.4101        
2.022244692    61751.3468        
2.021835827    61734.2812        
2.021427128    61717.2135        
2.021018593    61700.1435        
2.020610224    61683.0714        
2.02020202     61665.9971        
2.019793981    61648.9206        
2.019386107    61631.8419        
2.018978397    61614.7611        
2.018570852    61597.6781        
2.018163471    61580.5929        
2.017756255    61563.5057        
2.017349203    61546.4162        
2.016942315    61529.3247        
2.016535592    61512.231         
2.016129032    61495.1352        
2.015722637    61478.0373        
2.015316405    61460.9373        
2.014910336    61443.8352        
2.014504432    61426.7311        
2.014098691    61409.6248        
2.013693113    61392.5165        
2.013287699    61375.4061        
2.012882448    61358.2936        
2.01247736     61341.1791        
2.012072435    61324.0625        
2.011667673    61306.9439        
2.011263073    61289.8233        
2.010858637    61272.7006        
2.010454363    61255.5759        
2.010050251    61238.4492        
2.009646302    61221.3205        
2.009242516    61204.1898        
2.008838891    61187.0571        
2.008435429    61169.9224        
2.008032129    61152.7857        
2.00762899     61135.6471        
2.007226014    61118.5065        
2.006823199    61101.3639        
2.006420546    61084.2194        
2.006018054    61067.073         
2.005615724    61049.9246        
2.005213555    61032.7742        
2.004811548    61015.622         
2.004409701    60998.4678        
2.004008016    60981.3117        
2.003606492    60964.1537        
2.003205128    60946.9939        
2.002803925    60929.8321        
2.002402883    60912.6684        
2.002002002    60895.5029        
2.001601281    60878.3354        
2.00120072     60861.1662        
2.00080032     60843.995         
2.00040008     60826.822         
2              60809.6472        
