#wvl [um]      Flux [erg/s/cm]
4              71394.6601        
3.99840064     71412.6514        
3.996802558    71430.6076        
3.995205753    71448.5301        
3.993610224    71466.4198        
3.992015968    71484.278         
3.990422985    71502.1057        
3.988831272    71519.9042        
3.987240829    71537.6745        
3.985651654    71555.4179        
3.984063745    71573.1354        
3.982477101    71590.8281        
3.98089172     71608.496         
3.9793076      71626.1388        
3.977724741    71643.7565        
3.976143141    71661.3487        
3.974562798    71678.9154        
3.972983711    71696.4562        
3.971405878    71713.971         
3.969829297    71731.4596        
3.968253968    71748.9218        
3.966679889    71766.3573        
3.965107058    71783.7654        
3.963535474    71801.1453        
3.961965135    71818.4963        
3.96039604     71835.8176        
3.958828187    71853.1083        
3.957261575    71870.3678        
3.955696203    71887.5952        
3.954132068    71904.7897        
3.95256917     71921.9506        
3.951007507    71939.0773        
3.949447077    71956.1703        
3.94788788     71973.2306        
3.946329913    71990.259         
3.944773176    72007.2563        
3.943217666    72024.2234        
3.941663382    72041.1611        
3.940110323    72058.0704        
3.938558488    72074.9521        
3.937007874    72091.807         
3.935458481    72108.6359        
3.933910307    72125.4385        
3.93236335     72142.2147        
3.93081761     72158.9641        
3.929273084    72175.6864        
3.927729772    72192.3813        
3.926187672    72209.0485        
3.924646782    72225.6876        
3.923107101    72242.2983        
3.921568627    72258.8804        
3.92003136     72275.4336        
3.918495298    72291.9575        
3.916960439    72308.4519        
3.915426782    72324.9166        
3.913894325    72341.3512        
3.912363067    72357.7556        
3.910833007    72374.1295        
3.909304144    72390.4725        
3.907776475    72406.7845        
3.90625        72423.0652        
3.904724717    72439.3144        
3.903200625    72455.5326        
3.901677721    72471.7204        
3.900156006    72487.8783        
3.898635478    72504.0069        
3.897116134    72520.1068        
3.895597974    72536.1787        
3.894080997    72552.223         
3.8925652      72568.2403        
3.891050584    72584.2313        
3.889537145    72600.1963        
3.888024883    72616.1351        
3.886513797    72632.047         
3.885003885    72647.9318        
3.883495146    72663.7888        
3.881987578    72679.6176        
3.88048118     72695.4177        
3.87897595     72711.1886        
3.877471888    72726.9298        
3.875968992    72742.6408        
3.874467261    72758.3212        
3.872966692    72773.9707        
3.871467286    72789.589         
3.86996904     72805.1758        
3.868471954    72820.7308        
3.866976025    72836.2538        
3.865481252    72851.7444        
3.863987635    72867.2025        
3.862495172    72882.6276        
3.861003861    72898.0195        
3.859513701    72913.3782        
3.858024691    72928.7042        
3.85653683     72943.9986        
3.855050116    72959.2622        
3.853564547    72974.4959        
3.852080123    72989.7007        
3.850596843    73004.8775        
3.849114704    73020.0272        
3.847633705    73035.1508        
3.846153846    73050.2493        
3.844675125    73065.3231        
3.84319754     73080.372         
3.841721091    73095.3951        
3.840245776    73110.3918        
3.838771593    73125.3612        
3.837298542    73140.3025        
3.835826621    73155.2151        
3.834355828    73170.0982        
3.832886163    73184.9509        
3.831417625    73199.7726        
3.829950211    73214.5626        
3.82848392     73229.3213        
3.827018752    73244.0492        
3.825554705    73258.7468        
3.824091778    73273.4148        
3.822629969    73288.0535        
3.821169278    73302.6637        
3.819709702    73317.2458        
3.818251241    73331.8004        
3.816793893    73346.328         
3.815337657    73360.829         
3.813882532    73375.3029        
3.812428517    73389.7491        
3.81097561     73404.1668        
3.80952381     73418.5556        
3.808073115    73432.9145        
3.806623525    73447.2431        
3.805175038    73461.5405        
3.803727653    73475.8062        
3.802281369    73490.0394        
3.800836184    73504.2397        
3.799392097    73518.4075        
3.797949107    73532.5436        
3.796507213    73546.6488        
3.795066414    73560.7236        
3.793626707    73574.7689        
3.792188093    73588.7854        
3.790750569    73602.7739        
3.789314134    73616.735         
3.787878788    73630.6695        
3.786444529    73644.5779        
3.785011355    73658.4598        
3.783579266    73672.3145        
3.78214826     73686.1413        
3.780718336    73699.9395        
3.779289494    73713.7084        
3.77786173     73727.4472        
3.776435045    73741.1553        
3.775009438    73754.832         
3.773584906    73768.4766        
3.772161449    73782.0884        
3.770739065    73795.6677        
3.769317753    73809.2147        
3.767897513    73822.7297        
3.766478343    73836.213         
3.765060241    73849.665         
3.763643207    73863.0858        
3.762227239    73876.4758        
3.760812335    73889.8354        
3.759398496    73903.1648        
3.75798572     73916.4643        
3.756574005    73929.7339        
3.75516335     73942.9736        
3.753753754    73956.1834        
3.752345216    73969.3632        
3.750937734    73982.513         
3.749531309    73995.6328        
3.748125937    74008.7226        
3.746721619    74021.7823        
3.745318352    74034.8119        
3.743916136    74047.8113        
3.74251497     74060.7806        
3.741114852    74073.7195        
3.739715782    74086.6282        
3.738317757    74099.5065        
3.736920777    74112.3543        
3.735524841    74125.1717        
3.734129948    74137.9586        
3.732736096    74150.7148        
3.731343284    74163.4404        
3.729951511    74176.1354        
3.728560776    74188.7997        
3.727171077    74201.4335        
3.725782414    74214.0367        
3.724394786    74226.6094        
3.723008191    74239.1516        
3.721622627    74251.6634        
3.720238095    74264.1448        
3.718854593    74276.5959        
3.717472119    74289.0166        
3.716090673    74301.4071        
3.714710253    74313.7671        
3.713330858    74326.0966        
3.711952487    74338.3954        
3.710575139    74350.6634        
3.709198813    74362.9005        
3.707823508    74375.1065        
3.706449222    74387.2814        
3.705075954    74399.4249        
3.703703704    74411.537         
3.702332469    74423.6176        
3.70096225     74435.6668        
3.699593045    74447.6847        
3.698224852    74459.6716        
3.696857671    74471.6275        
3.6954915      74483.5527        
3.694126339    74495.4472        
3.692762186    74507.3113        
3.69139904     74519.1451        
3.6900369      74530.9487        
3.688675765    74542.7222        
3.687315634    74554.465         
3.685956506    74566.1764        
3.684598379    74577.8558        
3.683241252    74589.5025        
3.681885125    74601.1157        
3.680529996    74612.6948        
3.679175865    74624.2391        
3.677822729    74635.7479        
3.676470588    74647.2205        
3.675119441    74658.6565        
3.673769287    74670.0563        
3.672420125    74681.4209        
3.671071953    74692.751         
3.669724771    74704.0474        
3.668378577    74715.311         
3.66703337     74726.5425        
3.66568915     74737.7427        
3.664345914    74748.9125        
3.663003663    74760.0527        
3.661662395    74771.164         
3.660322108    74782.2459        
3.658982803    74793.2982        
3.657644477    74804.3203        
3.65630713     74815.3119        
3.65497076     74826.2723        
3.653635367    74837.2013        
3.65230095     74848.0983        
3.650967506    74858.9628        
3.649635036    74869.7945        
3.648303539    74880.593         
3.646973012    74891.3582        
3.645643456    74902.0903        
3.644314869    74912.7895        
3.64298725     74923.4559        
3.641660597    74934.0895        
3.640334911    74944.6905        
3.639010189    74955.2591        
3.637686431    74965.7954        
3.636363636    74976.2994        
3.635041803    74986.7713        
3.63372093     74997.2108        
3.632401017    75007.6173        
3.631082062    75017.9906        
3.629764065    75028.3303        
3.628447025    75038.6359        
3.627130939    75048.9071        
3.625815809    75059.1435        
3.624501631    75069.3447        
3.623188406    75079.5103        
3.621876132    75089.64          
3.620564808    75099.7342        
3.619254434    75109.7931        
3.617945007    75119.8173        
3.616636528    75129.8072        
3.615328995    75139.7631        
3.614022407    75149.6856        
3.612716763    75159.5749        
3.611412062    75169.4316        
3.610108303    75179.256         
3.608805485    75189.0484        
3.607503608    75198.8089        
3.606202669    75208.5372        
3.604902668    75218.2332        
3.603603604    75227.8967        
3.602305476    75237.5276        
3.601008282    75247.1257        
3.599712023    75256.6908        
3.598416697    75266.2228        
3.597122302    75275.7215        
3.595828839    75285.1868        
3.594536305    75294.6185        
3.5932447      75304.0165        
3.591954023    75313.3806        
3.590664273    75322.7107        
3.589375449    75332.0068        
3.588087549    75341.2685        
3.586800574    75350.4959        
3.585514521    75359.6887        
3.584229391    75368.8469        
3.582945181    75377.9703        
3.581661891    75387.0587        
3.58037952     75396.112         
3.579098067    75405.13          
3.577817531    75414.1127        
3.576537911    75423.0597        
3.575259206    75431.971         
3.573981415    75440.8465        
3.572704537    75449.6858        
3.571428571    75458.489         
3.570153517    75467.2559        
3.568879372    75475.9869        
3.567606136    75484.6824        
3.566333809    75493.3429        
3.565062389    75501.9687        
3.563791875    75510.5603        
3.562522266    75519.1181        
3.561253561    75527.6427        
3.55998576     75536.1343        
3.558718861    75544.5935        
3.557452864    75553.0207        
3.556187767    75561.4159        
3.554923569    75569.7791        
3.55366027     75578.1104        
3.552397869    75586.4098        
3.551136364    75594.6774        
3.549875754    75602.9132        
3.54861604     75611.1171        
3.547357219    75619.2893        
3.546099291    75627.4298        
3.544842255    75635.5383        
3.543586109    75643.6142        
3.542330854    75651.6565        
3.541076487    75659.6642        
3.539823009    75667.6363        
3.538570418    75675.5718        
3.537318712    75683.4698        
3.536067893    75691.3294        
3.534817957    75699.1495        
3.533568905    75706.9292        
3.532320735    75714.6678        
3.531073446    75722.3662        
3.529827038    75730.0254        
3.52858151     75737.6467        
3.527336861    75745.2311        
3.526093089    75752.7798        
3.524850194    75760.294         
3.523608175    75767.7748        
3.522367031    75775.2234        
3.521126761    75782.6408        
3.519887364    75790.0281        
3.518648839    75797.3845        
3.517411185    75804.7095        
3.516174402    75812.002         
3.514938489    75819.2613        
3.513703443    75826.4866        
3.512469266    75833.677         
3.511235955    75840.8317        
3.51000351     75847.9499        
3.50877193     75855.0307        
3.507541214    75862.0736        
3.50631136     75869.0788        
3.505082369    75876.0466        
3.50385424     75882.9777        
3.50262697     75889.8724        
3.50140056     75896.7312        
3.500175009    75903.5545        
3.498950315    75910.3429        
3.497726478    75917.0968        
3.496503497    75923.8166        
3.49528137     75930.5027        
3.494060098    75937.1548        
3.492839679    75943.7725        
3.491620112    75950.3555        
3.490401396    75956.9034        
3.489183531    75963.4157        
3.487966516    75969.8921        
3.486750349    75976.3323        
3.48553503     75982.7357        
3.484320557    75989.102         
3.483106931    75995.4311        
3.48189415     76001.7229        
3.480682214    76007.978         
3.47947112     76014.1967        
3.47826087     76020.3793        
3.47705146     76026.5261        
3.475842892    76032.6376        
3.474635163    76038.714         
3.473428274    76044.7556        
3.472222222    76050.763         
3.471017008    76056.7362        
3.46981263     76062.6749        
3.468609088    76068.5788        
3.46740638     76074.4473        
3.466204506    76080.2799        
3.465003465    76086.0763        
3.463803256    76091.836         
3.462603878    76097.5584        
3.461405331    76103.2433        
3.460207612    76108.89          
3.459010723    76114.4983        
3.457814661    76120.0682        
3.456619426    76125.5999        
3.455425017    76131.0936        
3.454231434    76136.5495        
3.453038674    76141.9678        
3.451846738    76147.3486        
3.450655625    76152.6922        
3.449465333    76157.9986        
3.448275862    76163.2682        
3.447087211    76168.5012        
3.44589938     76173.6979        
3.444712367    76178.859         
3.443526171    76183.9849        
3.442340792    76189.0761        
3.441156228    76194.1331        
3.43997248     76199.1564        
3.438789546    76204.1466        
3.437607425    76209.1041        
3.436426117    76214.0295        
3.43524562     76218.923         
3.434065934    76223.7837        
3.432887058    76228.6107        
3.431708991    76233.4028        
3.430531732    76238.1589        
3.429355281    76242.878         
3.428179637    76247.5589        
3.427004798    76252.2007        
3.425830764    76256.8022        
3.424657534    76261.3623        
3.423485108    76265.8802        
3.422313484    76270.3563        
3.421142662    76274.7909        
3.41997264     76279.1846        
3.418803419    76283.5379        
3.417634997    76287.8514        
3.416467373    76292.1256        
3.415300546    76296.3609        
3.414134517    76300.558         
3.412969283    76304.7174        
3.411804845    76308.8394        
3.410641201    76312.9242        
3.40947835     76316.972         
3.408316292    76320.9828        
3.407155026    76324.9566        
3.40599455     76328.8935        
3.404834866    76332.7936        
3.40367597     76336.6569        
3.402517863    76340.4836        
3.401360544    76344.2737        
3.400204012    76348.0272        
3.399048266    76351.7441        
3.397893306    76355.4245        
3.39673913     76359.0682        
3.395585739    76362.6753        
3.39443313     76366.2458        
3.393281303    76369.7795        
3.392130258    76373.2765        
3.390979993    76376.7368        
3.389830508    76380.1604        
3.388681803    76383.5471        
3.387533875    76386.8965        
3.386386725    76390.2083        
3.385240352    76393.4819        
3.384094755    76396.717         
3.382949932    76399.913         
3.381805884    76403.0696        
3.38066261     76406.1863        
3.379520108    76409.2625        
3.378378378    76412.298         
3.37723742     76415.2923        
3.376097232    76418.246         
3.374957813    76421.1596        
3.373819163    76424.0337        
3.372681282    76426.869         
3.371544167    76429.666         
3.370407819    76432.4254        
3.369272237    76435.1478        
3.36813742     76437.8337        
3.367003367    76440.4838        
3.365870077    76443.0985        
3.36473755     76445.6774        
3.363605785    76448.2199        
3.362474781    76450.7253        
3.361344538    76453.193         
3.360215054    76455.6225        
3.359086329    76458.0131        
3.357958361    76460.3642        
3.356831151    76462.6752        
3.355704698    76464.9455        
3.354579       76467.1747        
3.353454058    76469.3633        
3.352329869    76471.5122        
3.351206434    76473.6222        
3.350083752    76475.6941        
3.348961822    76477.7287        
3.347840643    76479.7269        
3.346720214    76481.6893        
3.345600535    76483.6169        
3.344481605    76485.5105        
3.343363424    76487.3705        
3.342245989    76489.1961        
3.341129302    76490.986         
3.34001336     76492.7391        
3.338898164    76494.4543        
3.337783712    76496.1302        
3.336670003    76497.7658        
3.335557038    76499.3597        
3.334444815    76500.9109        
3.333333333    76502.4182        
3.332222592    76503.8807        
3.331112592    76505.2989        
3.33000333     76506.6737        
3.328894807    76508.0062        
3.327787022    76509.2971        
3.326679973    76510.5473        
3.325573661    76511.7578        
3.324468085    76512.9295        
3.323363244    76514.0633        
3.322259136    76515.1601        
3.321155762    76516.2205        
3.320053121    76517.2445        
3.318951211    76518.2317        
3.317850033    76519.1817        
3.316749585    76520.0944        
3.315649867    76520.9692        
3.314550878    76521.806         
3.313452618    76522.6043        
3.312355084    76523.3639        
3.311258278    76524.0844        
3.310162198    76524.7655        
3.309066843    76525.4076        
3.307972213    76526.0111        
3.306878307    76526.5763        
3.305785124    76527.1035        
3.304692664    76527.5932        
3.303600925    76528.0458        
3.302509908    76528.4616        
3.30141961     76528.8409        
3.300330033    76529.1843        
3.299241175    76529.4918        
3.298153034    76529.763         
3.297065612    76529.9976        
3.295978906    76530.1948        
3.294892916    76530.3542        
3.293807642    76530.4753        
3.292723082    76530.5574        
3.291639236    76530.6001        
3.290556104    76530.6029        
3.289473684    76530.5651        
3.288391976    76530.4865        
3.28731098     76530.3674        
3.286230693    76530.2084        
3.285151117    76530.0099        
3.28407225     76529.7725        
3.282994091    76529.4966        
3.281916639    76529.183         
3.280839895    76528.832         
3.279763857    76528.4441        
3.278688525    76528.02          
3.277613897    76527.5599        
3.276539974    76527.0633        
3.275466754    76526.5295        
3.274394237    76525.9579        
3.273322422    76525.3477        
3.272251309    76524.6982        
3.271180896    76524.0088        
3.270111184    76523.2788        
3.269042171    76522.5074        
3.267973856    76521.694         
3.26690624     76520.8382        
3.265839321    76519.9409        
3.264773098    76519.0033        
3.263707572    76518.0267        
3.262642741    76517.0121        
3.261578604    76515.9608        
3.260515161    76514.8741        
3.259452412    76513.7531        
3.258390355    76512.599         
3.25732899     76511.4131        
3.256268317    76510.196         
3.255208333    76508.9468        
3.25414904     76507.664         
3.253090436    76506.3463        
3.25203252     76504.992         
3.250975293    76503.5998        
3.249918752    76502.1683        
3.248862898    76500.696         
3.24780773     76499.1815        
3.246753247    76497.6233        
3.245699448    76496.0205        
3.244646334    76494.3736        
3.243593902    76492.6836        
3.242542153    76490.9516        
3.241491086    76489.1787        
3.2404407      76487.3659        
3.239390994    76485.5141        
3.238341969    76483.6244        
3.237293623    76481.6979        
3.236245955    76479.7356        
3.235198965    76477.7381        
3.234152652    76475.705         
3.233107016    76473.6355        
3.232062056    76471.5286        
3.231017771    76469.3837        
3.22997416     76467.1999        
3.228931224    76464.9763        
3.227888961    76462.7122        
3.22684737     76460.4067        
3.225806452    76458.0591        
3.224766204    76455.6687        
3.223726628    76453.2357        
3.222687722    76450.7605        
3.221649485    76448.2436        
3.220611916    76445.6854        
3.219575016    76443.0862        
3.218538783    76440.4465        
3.217503218    76437.7666        
3.216468318    76435.047         
3.215434084    76432.2881        
3.214400514    76429.4901        
3.213367609    76426.6535        
3.212335368    76423.7784        
3.211303789    76420.8649        
3.210272873    76417.9133        
3.209242619    76414.9239        
3.208213025    76411.8967        
3.207184092    76408.8321        
3.206155819    76405.7302        
3.205128205    76402.5912        
3.20410125     76399.4152        
3.203074952    76396.2014        
3.202049312    76392.9492        
3.201024328    76389.6577        
3.2            76386.3261        
3.198976328    76382.9537        
3.19795331     76379.5395        
3.196930946    76376.0829        
3.195909236    76372.5831        
3.194888179    76369.0392        
3.193867774    76365.4507        
3.19284802     76361.8179        
3.191828918    76358.1415        
3.190810466    76354.4218        
3.189792663    76350.6596        
3.18877551     76346.8553        
3.187759005    76343.0094        
3.186743149    76339.1227        
3.185727939    76335.1954        
3.184713376    76331.2283        
3.183699459    76327.2217        
3.182686187    76323.1751        
3.18167356     76319.0879        
3.180661578    76314.9596        
3.179650238    76310.7894        
3.178639542    76306.5769        
3.177629488    76302.3213        
3.176620076    76298.022         
3.175611305    76293.6785        
3.174603175    76289.2902        
3.173595684    76284.8565        
3.172588832    76280.3777        
3.17158262     76275.8539        
3.170577045    76271.2856        
3.169572108    76266.6729        
3.168567807    76262.0162        
3.167564143    76257.3157        
3.166561115    76252.5718        
3.165558721    76247.7848        
3.164556962    76242.9548        
3.163555837    76238.0822        
3.162555345    76233.1666        
3.161555485    76228.2077        
3.160556258    76223.2051        
3.159557662    76218.1585        
3.158559697    76213.0674        
3.157562362    76207.9316        
3.156565657    76202.7506        
3.15556958     76197.524         
3.154574132    76192.2516        
3.153579313    76186.933         
3.15258512     76181.568         
3.151591554    76176.1567        
3.150598614    76170.699         
3.149606299    76165.1949        
3.14861461     76159.6443        
3.147623544    76154.0471        
3.146633103    76148.4034        
3.145643284    76142.7131        
3.144654088    76136.976         
3.143665514    76131.1923        
3.142677561    76125.3614        
3.141690229    76119.4831        
3.140703518    76113.5571        
3.139717425    76107.5829        
3.138731952    76101.5603        
3.137747098    76095.489         
3.136762861    76089.3685        
3.135779241    76083.1986        
3.134796238    76076.9789        
3.133813851    76070.7093        
3.13283208     76064.3902        
3.131850924    76058.0221        
3.130870382    76051.6056        
3.129890454    76045.1413        
3.128911139    76038.6297        
3.127932437    76032.0714        
3.126954346    76025.4668        
3.125976868    76018.8166        
3.125          76012.1213        
3.124023743    76005.3812        
3.123048095    75998.5952        
3.122073057    75991.7622        
3.121098627    75984.881         
3.120124805    75977.9503        
3.119151591    75970.969         
3.118178983    75963.9358        
3.117206983    75956.8495        
3.116235587    75949.7091        
3.115264798    75942.5132        
3.114294612    75935.2612        
3.113325031    75927.954         
3.112356054    75920.5929        
3.111387679    75913.1791        
3.110419907    75905.714         
3.109452736    75898.1988        
3.108486167    75890.6348        
3.107520199    75883.0233        
3.106554831    75875.3655        
3.105590062    75867.6626        
3.104625893    75859.9157        
3.103662322    75852.1248        
3.102699348    75844.2895        
3.101736973    75836.4097        
3.100775194    75828.4852        
3.099814011    75820.5158        
3.098853424    75812.5011        
3.097893432    75804.4412        
3.096934035    75796.3356        
3.095975232    75788.1844        
3.095017023    75779.9868        
3.094059406    75771.7412        
3.093102382    75763.4453        
3.092145949    75755.097         
3.091190108    75746.694         
3.090234858    75738.2343        
3.089280198    75729.7156        
3.088326127    75721.1359        
3.087372646    75712.493         
3.086419753    75703.7848        
3.085467448    75695.0099        
3.084515731    75686.1695        
3.083564601    75677.2658        
3.082614057    75668.3006        
3.081664099    75659.2761        
3.080714726    75650.1942        
3.079765938    75641.0568        
3.078817734    75631.866         
3.077870114    75622.6236        
3.076923077    75613.3317        
3.075976623    75603.992         
3.07503075     75594.6057        
3.07408546     75585.1737        
3.07314075     75575.6971        
3.072196621    75566.1768        
3.071253071    75556.6139        
3.070310101    75547.0094        
3.06936771     75537.3642        
3.068425898    75527.6795        
3.067484663    75517.9562        
3.066544005    75508.1943        
3.065603924    75498.3897        
3.064664419    75488.5369        
3.06372549     75478.6309        
3.062787136    75468.6663        
3.061849357    75458.638         
3.060912152    75448.5406        
3.05997552     75438.3691        
3.059039462    75428.1182        
3.058103976    75417.7827        
3.057169061    75407.3593        
3.056234719    75396.852         
3.055300947    75386.2665        
3.054367746    75375.6087        
3.053435115    75364.8842        
3.052503053    75354.099         
3.051571559    75343.2587        
3.050640635    75332.3691        
3.049710278    75321.4358        
3.048780488    75310.4647        
3.047851265    75299.4604        
3.046922608    75288.4236        
3.045994517    75277.3539        
3.045066991    75266.2509        
3.04414003     75255.1142        
3.043213634    75243.9436        
3.0422878      75232.7385        
3.04136253     75221.4987        
3.040437823    75210.2236        
3.039513678    75198.9129        
3.038590094    75187.565         
3.037667072    75176.1739        
3.03674461     75164.7322        
3.035822708    75153.2328        
3.034901366    75141.6685        
3.033980583    75130.0323        
3.033060358    75118.317         
3.032140691    75106.5155        
3.031221582    75094.621         
3.03030303     75082.6263        
3.029385035    75070.5276        
3.028467595    75058.3332        
3.027550711    75046.0544        
3.026634383    75033.7025        
3.025718608    75021.2887        
3.024803388    75008.8242        
3.023888721    74996.3202        
3.022974607    74983.7877        
3.022061046    74971.2377        
3.021148036    74958.6812        
3.020235578    74946.1257        
3.019323671    74933.5644        
3.018412315    74920.987         
3.017501509    74908.3832        
3.016591252    74895.743         
3.015681544    74883.0562        
3.014772385    74870.3127        
3.013863773    74857.5024        
3.01295571     74844.6155        
3.012048193    74831.6418        
3.011141223    74818.5742        
3.010234798    74805.416         
3.00932892     74792.1733        
3.008423586    74778.852         
3.007518797    74765.458         
3.006614552    74751.9974        
3.005710851    74738.4761        
3.004807692    74724.8998        
3.003905077    74711.2746        
3.003003003    74697.6061        
3.002101471    74683.8984        
3.00120048     74670.1476        
3.00030003     74656.3479        
2.99940012     74642.4935        
2.99850075     74628.5789        
2.997601918    74614.5982        
2.996703626    74600.5458        
2.995805872    74586.4161        
2.994908655    74572.2034        
2.994011976    74557.9023        
2.993115834    74543.5092        
2.992220227    74529.0296        
2.991325157    74514.4711        
2.990430622    74499.8411        
2.989536622    74485.1473        
2.988643156    74470.397         
2.987750224    74455.5978        
2.986857826    74440.757         
2.98596596     74425.8821        
2.985074627    74410.9805        
2.984183826    74396.0572        
2.983293556    74381.1083        
2.982403817    74366.1279        
2.981514609    74351.1098        
2.980625931    74336.048         
2.979737783    74320.9365        
2.978850164    74305.7692        
2.977963073    74290.5402        
2.977076511    74275.2435        
2.976190476    74259.8733        
2.975304969    74244.4251        
2.974419988    74228.9009        
2.973535534    74213.3042        
2.972651605    74197.6386        
2.971768202    74181.9074        
2.970885324    74166.1143        
2.97000297     74150.2626        
2.96912114     74134.3558        
2.968239834    74118.3975        
2.96735905     74102.3911        
2.96647879     74086.339         
2.965599051    74070.2401        
2.964719834    74054.0921        
2.963841138    74037.8928        
2.962962963    74021.6399        
2.962085308    74005.3313        
2.961208173    73988.9646        
2.960331557    73972.5377        
2.95945546     73956.0482        
2.958579882    73939.4939        
2.957704821    73922.8731        
2.956830278    73906.1865        
2.955956252    73889.4355        
2.955082742    73872.6216        
2.954209749    73855.7461        
2.953337271    73838.8106        
2.952465309    73821.8166        
2.951593861    73804.7654        
2.950722927    73787.6587        
2.949852507    73770.498         
2.948982601    73753.2846        
2.948113208    73736.0185        
2.947244327    73718.6994        
2.946375958    73701.327         
2.9455081      73683.9008        
2.944640754    73666.4204        
2.943773918    73648.8855        
2.942907593    73631.2956        
2.942041777    73613.6501        
2.941176471    73595.9486        
2.940311673    73578.1902        
2.939447384    73560.3725        
2.938583603    73542.493         
2.937720329    73524.5492        
2.936857562    73506.5385        
2.935995302    73488.4585        
2.935133549    73470.3068        
2.9342723      73452.0811        
2.933411558    73433.779         
2.93255132     73415.3982        
2.931691586    73396.9376        
2.930832356    73378.3991        
2.92997363     73359.7861        
2.929115407    73341.1014        
2.928257687    73322.3482        
2.927400468    73303.5294        
2.926543752    73284.6479        
2.925687537    73265.7067        
2.924831822    73246.7085        
2.923976608    73227.6563        
2.923121894    73208.5526        
2.92226768     73189.3985        
2.921413964    73170.195         
2.920560748    73150.9432        
2.919708029    73131.6438        
2.918855809    73112.298         
2.918004085    73092.9067        
2.917152859    73073.4707        
2.916302129    73053.9911        
2.915451895    73034.4689        
2.914602157    73014.9042        
2.913752914    72995.2946        
2.912904165    72975.6369        
2.912055911    72955.9278        
2.911208151    72936.1641        
2.910360885    72916.3428        
2.909514111    72896.4607        
2.90866783     72876.5146        
2.907822041    72856.5015        
2.906976744    72836.4182        
2.906131938    72816.2622        
2.905287623    72796.0324        
2.904443799    72775.7281        
2.903600465    72755.3488        
2.90275762     72734.894         
2.901915264    72714.363         
2.901073397    72693.7553        
2.900232019    72673.0704        
2.899391128    72652.3078        
2.898550725    72631.4671        
2.897710808    72610.5487        
2.896871379    72589.5578        
2.896032436    72568.5004        
2.895193978    72547.3823        
2.894356006    72526.2097        
2.893518519    72504.9882        
2.892681516    72483.7239        
2.891844997    72462.4223        
2.891008962    72441.0892        
2.89017341     72419.7304        
2.889338342    72398.3493        
2.888503755    72376.9409        
2.887669651    72355.4982        
2.886836028    72334.0144        
2.886002886    72312.4825        
2.885170225    72290.8956        
2.884338044    72269.247         
2.883506344    72247.5298        
2.882675123    72225.7374        
2.88184438     72203.8632        
2.881014117    72181.9023        
2.880184332    72159.8571        
2.879355024    72137.7315        
2.878526195    72115.5298        
2.877697842    72093.2559        
2.876869965    72070.9138        
2.876042565    72048.5074        
2.875215641    72026.0408        
2.874389192    72003.5177        
2.873563218    71980.9421        
2.872737719    71958.3172        
2.871912694    71935.6437        
2.871088142    71912.9218        
2.870264064    71890.1517        
2.869440459    71867.3336        
2.868617326    71844.4677        
2.867794666    71821.5544        
2.866972477    71798.5939        
2.86615076     71775.5866        
2.865329513    71752.5328        
2.864508737    71729.4324        
2.863688431    71706.2828        
2.862868594    71683.0807        
2.862049227    71659.8229        
2.861230329    71636.5062        
2.860411899    71613.1272        
2.859593938    71589.6828        
2.858776444    71566.1695        
2.857959417    71542.584         
2.857142857    71518.9229        
2.856326764    71495.1838        
2.855511136    71471.3682        
2.854695975    71447.4785        
2.853881279    71423.5173        
2.853067047    71399.487         
2.85225328     71375.3903        
2.851439977    71351.2296        
2.850627138    71327.0076        
2.849814762    71302.7269        
2.849002849    71278.3901        
2.848191398    71253.9997        
2.84738041     71229.5569        
2.846569883    71205.0629        
2.845759818    71180.5187        
2.844950213    71155.9252        
2.844141069    71131.2835        
2.843332386    71106.5944        
2.842524161    71081.8589        
2.841716397    71057.0778        
2.840909091    71032.252         
2.840102244    71007.382         
2.839295855    70982.4671        
2.838489923    70957.5066        
2.837684449    70932.4994        
2.836879433    70907.4447        
2.836074872    70882.3418        
2.835270768    70857.1896        
2.83446712     70831.9875        
2.833663927    70806.7347        
2.83286119     70781.4303        
2.832058907    70756.0735        
2.831257078    70730.6631        
2.830455703    70705.1977        
2.829654782    70679.6761        
2.828854314    70654.0968        
2.828054299    70628.4588        
2.827254736    70602.7606        
2.826455625    70577.001         
2.825656965    70551.1788        
2.824858757    70525.2927        
2.824061       70499.3423        
2.823263693    70473.3305        
2.822466836    70447.2608        
2.821670429    70421.1367        
2.820874471    70394.9618        
2.820078962    70368.7395        
2.819283902    70342.4733        
2.81848929     70316.1666        
2.817695125    70289.8228        
2.816901408    70263.4452        
2.816108139    70237.0358        
2.815315315    70210.5919        
2.814522938    70184.1095        
2.813731007    70157.5845        
2.812939522    70131.013         
2.812148481    70104.3912        
2.811357886    70077.7151        
2.810567735    70050.9809        
2.809778028    70024.1849        
2.808988764    69997.3232        
2.808199944    69970.3931        
2.807411567    69943.3961        
2.806623632    69916.3344        
2.805836139    69889.2104        
2.805049088    69862.0265        
2.804262479    69834.7851        
2.803476311    69807.4884        
2.802690583    69780.1388        
2.801905296    69752.7388        
2.801120448    69725.2905        
2.80033604     69697.7962        
2.799552072    69670.257         
2.798768542    69642.6737        
2.79798545     69615.0472        
2.797202797    69587.3782        
2.796420582    69559.6674        
2.795638803    69531.9156        
2.794857462    69504.1233        
2.794076558    69476.2913        
2.793296089    69448.42          
2.792516057    69420.5094        
2.79173646     69392.5571        
2.790957298    69364.5598        
2.790178571    69336.5147        
2.789400279    69308.4189        
2.788622421    69280.2694        
2.787844996    69252.0634        
2.787068004    69223.7983        
2.786291446    69195.4714        
2.78551532     69167.0801        
2.784739627    69138.623         
2.783964365    69110.1038        
2.783189535    69081.527         
2.782415136    69052.8974        
2.781641168    69024.2194        
2.780867631    68995.4975        
2.780094523    68966.7363        
2.779321845    68937.9399        
2.778549597    68909.1128        
2.777777778    68880.2592        
2.777006387    68851.3817        
2.776235425    68822.4773        
2.77546489     68793.5414        
2.774694784    68764.5697        
2.773925104    68735.5576        
2.773155851    68706.5009        
2.772387025    68677.3953        
2.771618625    68648.2365        
2.770850651    68619.0203        
2.770083102    68589.7427        
2.769315979    68560.4008        
2.76854928     68530.9962        
2.767783006    68501.5319        
2.767017156    68472.0107        
2.766251729    68442.4353        
2.765486726    68412.8086        
2.764722145    68383.1333        
2.763957988    68353.4119        
2.763194253    68323.6471        
2.762430939    68293.8416        
2.761668048    68263.9972        
2.760905577    68234.1142        
2.760143527    68204.1922        
2.759381898    68174.2307        
2.75862069     68144.2297        
2.757859901    68114.1886        
2.757099531    68084.1074        
2.756339581    68053.9857        
2.75558005     68023.8233        
2.754820937    67993.6201        
2.754062242    67963.3758        
2.753303965    67933.09          
2.752546105    67902.7618        
2.751788663    67872.3907        
2.751031637    67841.976         
2.750275028    67811.5171        
2.749518834    67781.0134        
2.748763057    67750.4642        
2.748007694    67719.8688        
2.747252747    67689.2266        
2.746498215    67658.5372        
2.745744097    67627.8014        
2.744990393    67597.0203        
2.744237102    67566.1947        
2.743484225    67535.3257        
2.742731761    67504.4144        
2.741979709    67473.4615        
2.74122807     67442.4682        
2.740476843    67411.4352        
2.739726027    67380.3636        
2.738975623    67349.2539        
2.73822563     67318.1064        
2.737476047    67286.9207        
2.736726875    67255.697         
2.735978112    67224.4349        
2.735229759    67193.1346        
2.734481816    67161.796         
2.733734281    67130.4191        
2.732987155    67099.0039        
2.732240437    67067.5504        
2.731494127    67036.0585        
2.730748225    67004.527         
2.73000273     66972.9543        
2.729257642    66941.339         
2.72851296     66909.6795        
2.727768685    66877.9742        
2.727024816    66846.2218        
2.726281352    66814.4205        
2.725538294    66782.5689        
2.72479564     66750.6654        
2.724053391    66718.7095        
2.723311547    66686.7053        
2.722570106    66654.6583        
2.721829069    66622.5735        
2.721088435    66590.4563        
2.720348205    66558.3118        
2.719608376    66526.1451        
2.718868951    66493.9615        
2.718129927    66461.766         
2.717391304    66429.5635        
2.716653083    66397.3572        
2.715915263    66365.1416        
2.715177844    66332.9092        
2.714440825    66300.6525        
2.713704206    66268.3641        
2.712967987    66236.0369        
2.712232167    66203.6636        
2.711496746    66171.237         
2.710761724    66138.7502        
2.7100271      66106.1961        
2.709292875    66073.5702        
2.708559047    66040.8773        
2.707825616    66008.1244        
2.707092583    65975.3186        
2.706359946    65942.4669        
2.705627706    65909.576         
2.704895862    65876.6526        
2.704164413    65843.7036        
2.70343336     65810.7353        
2.702702703    65777.7544        
2.70197244     65744.7654        
2.701242572    65711.7653        
2.700513097    65678.7496        
2.699784017    65645.7137        
2.699055331    65612.6531        
2.698327037    65579.5633        
2.697599137    65546.4401        
2.696871629    65513.2791        
2.696144513    65480.0762        
2.69541779     65446.8273        
2.694691458    65413.5296        
2.693965517    65380.1859        
2.693239968    65346.8           
2.692514809    65313.3759        
2.69179004     65279.9173        
2.691065662    65246.4281        
2.690341673    65212.9118        
2.689618074    65179.3721        
2.688894864    65145.8126        
2.688172043    65112.2366        
2.68744961     65078.6469        
2.686727566    65045.0421        
2.686005909    65011.4203        
2.68528464     64977.7796        
2.684563758    64944.1179        
2.683843264    64910.4334        
2.683123155    64876.724         
2.682403433    64842.9881        
2.681684098    64809.2237        
2.680965147    64775.429         
2.680246583    64741.6027        
2.679528403    64707.7453        
2.678810608    64673.8577        
2.678093198    64639.9408        
2.677376171    64605.9956        
2.676659529    64572.0229        
2.67594327     64538.0237        
2.675227394    64503.9988        
2.674511902    64469.9491        
2.673796791    64435.8755        
2.673082064    64401.7786        
2.672367718    64367.6581        
2.671653754    64333.5134        
2.670940171    64299.3439        
2.670226969    64265.149         
2.669514148    64230.9282        
2.668801708    64196.6808        
2.668089648    64162.4062        
2.667377967    64128.1041        
2.666666667    64093.7736        
2.665955745    64059.4148        
2.665245203    64025.0294        
2.664535039    63990.6196        
2.663825253    63956.1874        
2.663115846    63921.7352        
2.662406816    63887.2649        
2.661698163    63852.7788        
2.660989888    63818.2789        
2.66028199     63783.7674        
2.659574468    63749.2464        
2.658867323    63714.7173        
2.658160553    63680.1796        
2.657454159    63645.6321        
2.65674814     63611.0737        
2.656042497    63576.5032        
2.655337228    63541.9193        
2.654632333    63507.3211        
2.653927813    63472.7072        
2.653223667    63438.0766        
2.652519894    63403.428         
2.651816494    63368.7606        
2.651113468    63334.0742        
2.650410814    63299.369         
2.649708532    63264.6452        
2.649006623    63229.9029        
2.648305085    63195.142         
2.647603918    63160.3633        
2.646903123    63125.5666        
2.646202699    63090.7521        
2.645502646    63055.92          
2.644802962    63021.0705        
2.644103649    62986.2043        
2.643404705    62951.3219        
2.642706131    62916.4239        
2.642007926    62881.5109        
2.64131009     62846.5836        
2.640612622    62811.6425        
2.639915523    62776.6882        
2.639218791    62741.7213        
2.638522427    62706.7422        
2.637826431    62671.752         
2.637130802    62636.7525        
2.636435539    62601.7462        
2.635740643    62566.7352        
2.635046113    62531.7218        
2.634351949    62496.7083        
2.633658151    62461.6969        
2.632964718    62426.6898        
2.63227165     62391.6892        
2.631578947    62356.6972        
2.630886609    62321.7151        
2.630194634    62286.7409        
2.629503024    62251.7715        
2.628811777    62216.8041        
2.628120894    62181.8356        
2.627430373    62146.8632        
2.626740215    62111.8841        
2.62605042     62076.8955        
2.625360987    62041.8944        
2.624671916    62006.878         
2.623983207    61971.8444        
2.623294858    61936.7935        
2.622606871    61901.7263        
2.621919245    61866.6436        
2.621231979    61831.5462        
2.620545073    61796.4348        
2.619858528    61761.3105        
2.619172342    61726.1738        
2.618486515    61691.0257        
2.617801047    61655.867         
2.617115938    61620.699         
2.616431188    61585.5252        
2.615746796    61550.3494        
2.615062762    61515.1757        
2.614379085    61480.0077        
2.613695766    61444.8493        
2.613012804    61409.7042        
2.612330199    61374.5761        
2.61164795     61339.4687        
2.610966057    61304.3855        
2.610284521    61269.3287        
2.60960334     61234.295         
2.608922515    61199.28          
2.608242045    61164.2791        
2.60756193     61129.2877        
2.606882169    61094.3016        
2.606202763    61059.3163        
2.60552371     61024.3275        
2.604845012    60989.331         
2.604166667    60954.3226        
2.603488675    60919.2995        
2.602811036    60884.2642        
2.60213375     60849.2207        
2.601456816    60814.1728        
2.600780234    60779.1244        
2.600104004    60744.0793        
2.599428126    60709.0411        
2.598752599    60674.0135        
2.598077423    60639.0003        
2.597402597    60604.005         
2.596728123    60569.0302        
2.596053998    60534.0746        
2.595380223    60499.136         
2.594706798    60464.2121        
2.594033722    60429.3007        
2.593360996    60394.3996        
2.592688618    60359.5067        
2.592016589    60324.6198        
2.591344908    60289.7368        
2.590673575    60254.8556        
2.59000259     60219.975         
2.589331952    60185.0971        
2.588661662    60150.225         
2.587991718    60115.3617        
2.587322122    60080.5101        
2.586652871    60045.6732        
2.585983967    60010.8538        
2.585315408    59976.0549        
2.584647196    59941.2792        
2.583979328    59906.5296        
2.583311806    59871.8081        
2.582644628    59837.1133        
2.581977795    59802.4431        
2.581311306    59767.7955        
2.580645161    59733.1685        
2.57997936     59698.5599        
2.579313903    59663.9677        
2.578648788    59629.39          
2.577984016    59594.8243        
2.577319588    59560.2696        
2.576655501    59525.724         
2.575991757    59491.1879        
2.575328354    59456.6624        
2.574665294    59422.1485        
2.574002574    59387.6473        
2.573340196    59353.1595        
2.572678158    59318.6864        
2.572016461    59284.2287        
2.571355104    59249.7876        
2.570694087    59215.3639        
2.57003341     59180.9589        
2.569373073    59146.5747        
2.568713075    59112.2135        
2.568053416    59077.8777        
2.567394095    59043.5695        
2.566735113    59009.2911        
2.566076469    58975.0448        
2.565418163    58940.8327        
2.564760195    58906.657         
2.564102564    58872.5198        
2.56344527     58838.4224        
2.562788314    58804.3629        
2.562131694    58770.3388        
2.56147541     58736.3475        
2.560819462    58702.3865        
2.56016385     58668.4532        
2.559508574    58634.5451        
2.558853634    58600.6598        
2.558199028    58566.7948        
2.557544757    58532.9478        
2.556890821    58499.1171        
2.556237219    58465.3048        
2.555583951    58431.5134        
2.554931017    58397.7458        
2.554278416    58364.0045        
2.553626149    58330.2923        
2.552974215    58296.6118        
2.552322614    58262.9656        
2.551671345    58229.3562        
2.551020408    58195.7862        
2.550369804    58162.2575        
2.549719531    58128.7698        
2.54906959     58095.3223        
2.54841998     58061.9139        
2.547770701    58028.5439        
2.547121752    57995.2113        
2.546473135    57961.9153        
2.545824847    57928.655         
2.54517689     57895.4295        
2.544529262    57862.2381        
2.543881964    57829.0801        
2.543234995    57795.9554        
2.542588355    57762.8643        
2.541942044    57729.8068        
2.541296061    57696.7831        
2.540650407    57663.7935        
2.54000508     57630.8379        
2.539360081    57597.9167        
2.53871541     57565.0299        
2.538071066    57532.1776        
2.537427049    57499.3604        
2.536783359    57466.5803        
2.536139995    57433.8395        
2.535496957    57401.1403        
2.534854246    57368.485         
2.53421186     57335.8756        
2.5335698      57303.3144        
2.532928065    57270.8035        
2.532286655    57238.345         
2.53164557     57205.9408        
2.531004809    57173.5924        
2.530364372    57141.2979        
2.52972426     57109.0547        
2.529084471    57076.8604        
2.528445006    57044.7125        
2.527805865    57012.6086        
2.527167046    56980.5465        
2.52652855     56948.5237        
2.525890376    56916.5381        
2.525252525    56884.5874        
2.524614996    56852.6702        
2.523977789    56820.7884        
2.523340903    56788.9445        
2.522704339    56757.1409        
2.522068096    56725.3801        
2.521432173    56693.6645        
2.520796572    56661.9966        
2.52016129     56630.3786        
2.519526329    56598.8128        
2.518891688    56567.3016        
2.518257366    56535.8466        
2.517623364    56504.4467        
2.51698968     56473.1004        
2.516356316    56441.8061        
2.51572327     56410.5624        
2.515090543    56379.3677        
2.514458134    56348.2205        
2.513826043    56317.1194        
2.51319427     56286.0629        
2.512562814    56255.0495        
2.511931675    56224.0787        
2.511300854    56193.1535        
2.510670349    56162.2774        
2.510040161    56131.4543        
2.509410289    56100.6877        
2.508780733    56069.9813        
2.508151492    56039.3385        
2.507522568    56008.7629        
2.506893958    55978.258         
2.506265664    55947.8272        
2.505637685    55917.473         
2.50501002     55887.1942        
2.50438267     55856.9886        
2.503755633    55826.8541        
2.503128911    55796.7888        
2.502502503    55766.7905        
2.501876407    55736.8573        
2.501250625    55706.9871        
2.500625156    55677.1781        
2.5            55647.4284        
2.499375156    55617.7363        
2.498750625    55588.1023        
2.498126405    55558.5267        
2.497502498    55529.0104        
2.496878901    55499.5537        
2.496255617    55470.1572        
2.495632643    55440.8216        
2.49500998     55411.5472        
2.494387628    55382.3347        
2.493765586    55353.1845        
2.493143854    55324.0967        
2.492522433    55295.0703        
2.491901321    55266.1029        
2.491280518    55237.1951        
2.490660025    55208.3446        
2.490039841    55179.55          
2.489419965    55150.8101        
2.488800398    55122.1237        
2.48818114     55093.4894        
2.487562189    55064.9061        
2.486943546    55036.3734        
2.486325211    55007.8939        
2.485707184    54979.4712        
2.485089463    54951.1087        
2.48447205     54922.8097        
2.483854943    54894.5777        
2.483238143    54866.416         
2.482621648    54838.3277        
2.48200546     54810.3162        
2.481389578    54782.3847        
2.480774001    54754.5362        
2.48015873     54726.7735        
2.479543764    54699.0992        
2.478929103    54671.516         
2.478314746    54644.0264        
2.477700694    54616.6332        
2.477086946    54589.3389        
2.476473502    54562.1462        
2.475860361    54535.0577        
2.475247525    54508.0761        
2.474634991    54481.2016        
2.474022761    54454.4256        
2.473410834    54427.7373        
2.472799209    54401.1259        
2.472187886    54374.5805        
2.471576866    54348.0906        
2.470966148    54321.6454        
2.470355731    54295.2344        
2.469745616    54268.8471        
2.469135802    54242.4731        
2.46852629     54216.1064        
2.467917078    54189.7594        
2.467308167    54163.4487        
2.466699556    54137.191         
2.466091245    54111.0027        
2.465483235    54084.9002        
2.464875524    54058.8998        
2.464268112    54033.0177        
2.463661       54007.2698        
2.463054187    53981.6723        
2.462447673    53956.2357        
2.461841457    53930.9506        
2.46123554     53905.8022        
2.460629921    53880.776         
2.4600246      53855.8577        
2.459419577    53831.0329        
2.458814851    53806.2873        
2.458210423    53781.607         
2.457606291    53756.9777        
2.457002457    53732.3858        
2.456398919    53707.8216        
2.455795678    53683.2933        
2.455192733    53658.8132        
2.454590083    53634.3935        
2.45398773     53610.0465        
2.453385672    53585.7842        
2.45278391     53561.6186        
2.452182442    53537.5615        
2.45158127     53513.6249        
2.450980392    53489.8204        
2.450379809    53466.1553        
2.44977952     53442.6199        
2.449179525    53419.1998        
2.448579824    53395.8813        
2.447980416    53372.6503        
2.447381302    53349.493         
2.446782481    53326.3958        
2.446183953    53303.345         
2.445585718    53280.3271        
2.444987775    53257.3288        
2.444390125    53234.3418        
2.443792766    53211.3789        
2.4431957      53188.4581        
2.442598925    53165.597         
2.442002442    53142.8135        
2.44140625     53120.125         
2.440810349    53097.5491        
2.440214739    53075.1032        
2.439619419    53052.8045        
2.43902439     53030.6703        
2.438429651    53008.7122        
2.437835202    52986.9207        
2.437241043    52965.2809        
2.436647173    52943.7777        
2.436053593    52922.3964        
2.435460302    52901.1222        
2.4348673      52879.9404        
2.434274586    52858.8364        
2.433682161    52837.7955        
2.433090024    52816.8032        
2.432498176    52795.8483        
2.431906615    52774.9331        
2.431315342    52754.063         
2.430724356    52733.2437        
2.430133657    52712.4807        
2.429543246    52691.7794        
2.428953121    52671.1455        
2.428363283    52650.5844        
2.427773731    52630.1017        
2.427184466    52609.7029        
2.426595487    52589.3936        
2.426006793    52569.1796        
2.425418385    52549.0667        
2.424830262    52529.0608        
2.424242424    52509.1676        
2.423654872    52489.3928        
2.423067604    52469.7422        
2.42248062     52450.2215        
2.421893921    52430.8363        
2.421307506    52411.5921        
2.420721375    52392.492         
2.420135528    52373.5273        
2.419549964    52354.6869        
2.418964683    52335.9595        
2.418379686    52317.3342        
2.417794971    52298.7996        
2.417210539    52280.3449        
2.41662639     52261.9588        
2.416042522    52243.6305        
2.415458937    52225.3488        
2.414875634    52207.1064        
2.414292612    52188.91          
2.413709872    52170.7697        
2.413127413    52152.6956        
2.412545235    52134.6978        
2.411963338    52116.7867        
2.411381722    52098.9721        
2.410800386    52081.2644        
2.41021933     52063.6735        
2.409638554    52046.2095        
2.409058058    52028.8802        
2.408477842    52011.6834        
2.407897905    51994.6147        
2.407318247    51977.6694        
2.406738869    51960.843         
2.406159769    51944.1311        
2.405580948    51927.5291        
2.405002405    51911.0324        
2.40442414     51894.6365        
2.403846154    51878.3369        
2.403268445    51862.1286        
2.402691014    51846.0052        
2.40211386     51829.9597        
2.401536984    51813.9852        
2.400960384    51798.0749        
2.400384061    51782.2219        
2.399808015    51766.4193        
2.399232246    51750.6604        
2.398656752    51734.9383        
2.398081535    51719.2463        
2.397506593    51703.581         
2.396931927    51687.9527        
2.396357537    51672.3751        
2.395783421    51656.8619        
2.395209581    51641.4268        
2.394636015    51626.0835        
2.394062724    51610.8454        
2.393489708    51595.7263        
2.392916966    51580.7398        
2.392344498    51565.8993        
2.391772303    51551.2148        
2.391200383    51536.6805        
2.390628735    51522.287         
2.390057361    51508.0248        
2.38948626     51493.8846        
2.388915432    51479.8569        
2.388344877    51465.9323        
2.387774594    51452.1015        
2.387204583    51438.355         
2.386634845    51424.6835        
2.386065378    51411.0795        
2.385496183    51397.5432        
2.38492726     51384.0765        
2.384358608    51370.6816        
2.383790226    51357.3605        
2.383222116    51344.1152        
2.382654277    51330.9477        
2.382086708    51317.8602        
2.381519409    51304.8546        
2.380952381    51291.933         
2.380385622    51279.0966        
2.379819134    51266.3433        
2.379252915    51253.67          
2.378686965    51241.0739        
2.378121284    51228.5519        
2.377555873    51216.1009        
2.37699073     51203.7182        
2.376425856    51191.4006        
2.37586125     51179.1451        
2.375296912    51166.9489        
2.374732843    51154.8102        
2.374169041    51142.7325        
2.373605507    51130.7204        
2.37304224     51118.7787        
2.372479241    51106.9121        
2.371916509    51095.1254        
2.371354043    51083.4234        
2.370791844    51071.8107        
2.370229912    51060.2922        
2.369668246    51048.8725        
2.369106847    51037.5552        
2.368545713    51026.3381        
2.367984845    51015.2177        
2.367424242    51004.1905        
2.366863905    50993.2529        
2.366303833    50982.4014        
2.365744026    50971.6325        
2.365184484    50960.9427        
2.364625207    50950.3283        
2.364066194    50939.7858        
2.363507445    50929.312         
2.36294896     50918.9053        
2.362390739    50908.5645        
2.361832782    50898.2883        
2.361275089    50888.0757        
2.360717658    50877.9253        
2.360160491    50867.836         
2.359603587    50857.8066        
2.359046945    50847.836         
2.358490566    50837.923         
2.357934449    50828.0671        
2.357378595    50818.2709        
2.356823003    50808.5374        
2.356267672    50798.8699        
2.355712603    50789.2715        
2.355157796    50779.7455        
2.354603249    50770.2948        
2.354048964    50760.9229        
2.35349494     50751.6327        
2.352941176    50742.4275        
2.352387673    50733.3092        
2.351834431    50724.2742        
2.351281448    50715.318         
2.350728726    50706.4355        
2.350176263    50697.6222        
2.34962406     50688.8733        
2.349072117    50680.1839        
2.348520432    50671.5492        
2.347969007    50662.9645        
2.34741784     50654.425         
2.346866933    50645.9273        
2.346316283    50637.474         
2.345765893    50629.069         
2.34521576     50620.7164        
2.344665885    50612.4202        
2.344116268    50604.1845        
2.343566909    50596.0132        
2.343017807    50587.9105        
2.342468962    50579.8804        
2.341920375    50571.9269        
2.341372044    50564.0533        
2.34082397     50556.2586        
2.340276153    50548.5414        
2.339728591    50540.8997        
2.339181287    50533.3321        
2.338634238    50525.8366        
2.338087444    50518.4118        
2.337540907    50511.0558        
2.336994625    50503.767         
2.336448598    50496.5437        
2.335902826    50489.3837        
2.33535731     50482.2829        
2.334812048    50475.2365        
2.33426704     50468.2397        
2.333722287    50461.2878        
2.333177788    50454.376         
2.332633543    50447.4993        
2.332089552    50440.6531        
2.331545815    50433.8323        
2.331002331    50427.032         
2.3304591      50420.25          
2.329916123    50413.4945        
2.329373399    50406.7763        
2.328830927    50400.1064        
2.328288708    50393.4957        
2.327746741    50386.9554        
2.327205027    50380.4964        
2.326663564    50374.1298        
2.326122354    50367.867         
2.325581395    50361.719         
2.325040688    50355.6929        
2.324500232    50349.779         
2.323960028    50343.9632        
2.323420074    50338.2313        
2.322880372    50332.5693        
2.32234092     50326.9629        
2.321801718    50321.3979        
2.321262767    50315.86          
2.320724066    50310.3349        
2.320185615    50304.8081        
2.319647414    50299.2691        
2.319109462    50293.7219        
2.31857176     50288.1745        
2.318034307    50282.6348        
2.317497103    50277.1109        
2.316960148    50271.6106        
2.316423442    50266.142         
2.315886985    50260.7131        
2.315350776    50255.3318        
2.314814815    50250.0063        
2.314279102    50244.7436        
2.313743637    50239.5465        
2.31320842     50234.417         
2.312673451    50229.357         
2.312138728    50224.3683        
2.311604253    50219.4528        
2.311070025    50214.6126        
2.310536044    50209.8496        
2.31000231     50205.1657        
2.309468822    50200.5629        
2.308935581    50196.0415        
2.308402585    50191.594         
2.307869836    50187.2113        
2.307337333    50182.8843        
2.306805075    50178.6038        
2.306273063    50174.3605        
2.305741296    50170.1451        
2.305209774    50165.9483        
2.304678497    50161.7608        
2.304147465    50157.5732        
2.303616678    50153.379         
2.303086135    50149.1828        
2.302555837    50144.9925        
2.302025783    50140.8157        
2.301495972    50136.66          
2.300966406    50132.5332        
2.300437083    50128.4431        
2.299908004    50124.3974        
2.299379168    50120.4039        
2.298850575    50116.4703        
2.298322225    50112.6028        
2.297794118    50108.801         
2.297266253    50105.0628        
2.296738631    50101.3861        
2.296211251    50097.7687        
2.295684114    50094.2087        
2.295157218    50090.704         
2.294630564    50087.2525        
2.294104152    50083.8522        
2.293577982    50080.5011        
2.293052052    50077.1965        
2.292526364    50073.9337        
2.292000917    50070.707         
2.29147571     50067.5108        
2.290950745    50064.3395        
2.290426019    50061.1874        
2.289901534    50058.0486        
2.289377289    50054.9175        
2.288853285    50051.7881        
2.288329519    50048.6544        
2.287805994    50045.513         
2.287282708    50042.3704        
2.286759662    50039.2357        
2.286236854    50036.1179        
2.285714286    50033.0264        
2.285191956    50029.9702        
2.284669865    50026.9589        
2.284148013    50024.0018        
2.283626399    50021.1084        
2.283105023    50018.2884        
2.282583885    50015.5488        
2.282062985    50012.8869        
2.281542323    50010.2972        
2.281021898    50007.7743        
2.28050171     50005.3127        
2.27998176     50002.9068        
2.279462047    50000.551         
2.278942571    49998.2396        
2.278423331    49995.9668        
2.277904328    49993.7269        
2.277385561    49991.5142        
2.276867031    49989.3248        
2.276348737    49987.155         
2.275830678    49985.0011        
2.275312856    49982.8595        
2.274795268    49980.7267        
2.274277917    49978.599         
2.2737608      49976.4731        
2.273243919    49974.3453        
2.272727273    49972.2123        
2.272210861    49970.0726        
2.271694684    49967.9326        
2.271178742    49965.8007        
2.270663034    49963.6851        
2.27014756     49961.5943        
2.26963232     49959.5365        
2.269117313    49957.52          
2.268602541    49955.553         
2.268088002    49953.6437        
2.267573696    49951.8003        
2.267059624    49950.0282        
2.266545784    49948.3223        
2.266032178    49946.6746        
2.265518804    49945.0771        
2.265005663    49943.522         
2.264492754    49942.0024        
2.263980077    49940.5084        
2.263467632    49939.0332        
2.26295542     49937.5689        
2.262443439    49936.1077        
2.26193169     49934.6438        
2.261420172    49933.1787        
2.260908885    49931.716         
2.26039783     49930.2592        
2.259887006    49928.8117        
2.259376412    49927.3772        
2.258866049    49925.9589        
2.258355917    49924.5605        
2.257846015    49923.1854        
2.257336343    49921.8369        
2.256826901    49920.5181        
2.25631769     49919.2302        
2.255808707    49917.9739        
2.255299955    49916.75          
2.254791432    49915.5593        
2.254283138    49914.4025        
2.253775073    49913.2805        
2.253267237    49912.194         
2.252759631    49911.1438        
2.252252252    49910.1307        
2.251745102    49909.1547        
2.251238181    49908.2126        
2.250731488    49907.3004        
2.250225023    49906.414         
2.249718785    49905.5493        
2.249212776    49904.7023        
2.248706993    49903.8689        
2.248201439    49903.045         
2.247696111    49902.2265        
2.247191011    49901.4092        
2.246686138    49900.5901        
2.246181491    49899.7708        
2.245677072    49898.9539        
2.245172878    49898.1421        
2.244668911    49897.3379        
2.244165171    49896.5441        
2.243661656    49895.7634        
2.243158367    49894.9983        
2.242655304    49894.2515        
2.242152466    49893.5256        
2.241649854    49892.823         
2.241147468    49892.1439        
2.240645306    49891.4883        
2.240143369    49890.8561        
2.239641657    49890.2473        
2.23914017     49889.6619        
2.238638908    49889.0999        
2.238137869    49888.5614        
2.237637055    49888.0463        
2.237136465    49887.5547        
2.236636099    49887.0867        
2.236135957    49886.6415        
2.235636038    49886.2184        
2.235136343    49885.8167        
2.234636872    49885.4355        
2.234137623    49885.074         
2.233638597    49884.7313        
2.233139795    49884.4067        
2.232641215    49884.0992        
2.232142857    49883.8079        
2.231644722    49883.532         
2.231146809    49883.2709        
2.230649119    49883.0239        
2.23015165     49882.7904        
2.229654404    49882.5699        
2.229157379    49882.3618        
2.228660575    49882.1655        
2.228163993    49881.9804        
2.227667632    49881.8059        
2.227171492    49881.6414        
2.226675573    49881.4865        
2.226179875    49881.3416        
2.225684398    49881.2073        
2.225189141    49881.0841        
2.224694105    49880.9726        
2.224199288    49880.8733        
2.223704692    49880.7868        
2.223210316    49880.7137        
2.222716159    49880.6545        
2.222222222    49880.6099        
2.221728505    49880.5802        
2.221235007    49880.565         
2.220741728    49880.5637        
2.220248668    49880.5757        
2.219755827    49880.6005        
2.219263205    49880.6374        
2.218770801    49880.6858        
2.218278616    49880.7452        
2.217786649    49880.8149        
2.2172949      49880.8942        
2.21680337     49880.9828        
2.216312057    49881.0808        
2.215820962    49881.1886        
2.215330084    49881.3065        
2.214839424    49881.4348        
2.214348981    49881.574         
2.213858756    49881.7243        
2.213368747    49881.8862        
2.212878956    49882.0599        
2.212389381    49882.2459        
2.211900022    49882.4444        
2.21141088     49882.6548        
2.210921954    49882.8765        
2.210433245    49883.1088        
2.209944751    49883.3509        
2.209456474    49883.6023        
2.208968412    49883.8622        
2.208480565    49884.1298        
2.207992934    49884.4045        
2.207505519    49884.6857        
2.207018318    49884.9726        
2.206531333    49885.2654        
2.206044562    49885.5643        
2.205558006    49885.8695        
2.205071665    49886.1811        
2.204585538    49886.4995        
2.204099625    49886.8249        
2.203613927    49887.1573        
2.203128442    49887.4972        
2.202643172    49887.8446        
2.202158115    49888.1997        
2.201673272    49888.5618        
2.201188642    49888.93          
2.200704225    49889.3037        
2.200220022    49889.6819        
2.199736032    49890.0638        
2.199252254    49890.4486        
2.19876869     49890.8356        
2.198285337    49891.2238        
2.197802198    49891.6124        
2.19731927     49892.0009        
2.196836555    49892.3907        
2.196354052    49892.7831        
2.195871761    49893.1797        
2.195389682    49893.5822        
2.194907814    49893.9922        
2.194426158    49894.4111        
2.193944713    49894.8405        
2.193463479    49895.2821        
2.192982456    49895.7375        
2.192501644    49896.2076        
2.192021043    49896.6913        
2.191540653    49897.1868        
2.191060473    49897.6925        
2.190580504    49898.2065        
2.190100745    49898.7272        
2.189621196    49899.2527        
2.189141856    49899.7813        
2.188662727    49900.3113        
2.188183807    49900.8408        
2.187705097    49901.3684        
2.187226597    49901.8936        
2.186748305    49902.4161        
2.186270223    49902.9357        
2.18579235     49903.4522        
2.185314685    49903.9654        
2.18483723     49904.4749        
2.184359983    49904.9807        
2.183882944    49905.4825        
2.183406114    49905.98          
2.182929491    49906.4733        
2.182453077    49906.9639        
2.181976871    49907.4533        
2.181500873    49907.9434        
2.181025082    49908.4358        
2.180549498    49908.9322        
2.180074123    49909.4345        
2.179598954    49909.9444        
2.179123992    49910.4635        
2.178649237    49910.9937        
2.17817469     49911.5361        
2.177700348    49912.0887        
2.177226214    49912.6491        
2.176752286    49913.2147        
2.176278564    49913.7829        
2.175805048    49914.351         
2.175331738    49914.9164        
2.174858634    49915.4766        
2.174385736    49916.0287        
2.173913043    49916.5702        
2.173440556    49917.0992        
2.172968275    49917.6174        
2.172496198    49918.1272        
2.172024327    49918.6318        
2.17155266     49919.1327        
2.171081198    49919.633         
2.170609941    49920.1353        
2.170138889    49920.6423        
2.169668041    49921.1567        
2.169197397    49921.6811        
2.168726957    49922.2175        
2.168256722    49922.7643        
2.16778669     49923.3195        
2.167316862    49923.8806        
2.166847237    49924.4454        
2.166377816    49925.0117        
2.165908599    49925.577         
2.165439584    49926.139         
2.164970773    49926.6954        
2.164502165    49927.2438        
2.164033759    49927.7826        
2.163565556    49928.3126        
2.163097556    49928.8355        
2.162629758    49929.3531        
2.162162162    49929.8669        
2.161694769    49930.3788        
2.161227577    49930.8903        
2.160760588    49931.4033        
2.1602938      49931.9193        
2.159827214    49932.4401        
2.159360829    49932.9668        
2.158894646    49933.4973        
2.158428664    49934.029         
2.157962883    49934.5591        
2.157497303    49935.0851        
2.157031924    49935.6042        
2.156566746    49936.1138        
2.156101768    49936.611         
2.155636991    49937.0932        
2.155172414    49937.5576        
2.154708037    49938.0025        
2.15424386     49938.4304        
2.153779884    49938.8447        
2.153316107    49939.2488        
2.15285253     49939.6463        
2.152389152    49940.0406        
2.151925974    49940.4352        
2.151462995    49940.8337        
2.151000215    49941.2396        
2.150537634    49941.6564        
2.150075253    49942.0866        
2.14961307     49942.5284        
2.149151085    49942.9787        
2.1486893      49943.4347        
2.148227712    49943.8932        
2.147766323    49944.3514        
2.147305132    49944.8061        
2.146844139    49945.2544        
2.146383344    49945.6932        
2.145922747    49946.1195        
2.145462347    49946.5308        
2.145002145    49946.9276        
2.14454214     49947.3113        
2.144082333    49947.683         
2.143622722    49948.0439        
2.143163309    49948.3954        
2.142704093    49948.7386        
2.142245073    49949.0749        
2.14178625     49949.4055        
2.141327623    49949.7316        
2.140869193    49950.0546        
2.140410959    49950.3748        
2.139952921    49950.6927        
2.139495079    49951.0087        
2.139037433    49951.3231        
2.138579983    49951.6364        
2.138122728    49951.9489        
2.137665669    49952.2609        
2.137208805    49952.573         
2.136752137    49952.8853        
2.136295663    49953.1981        
2.135839385    49953.51          
2.135383301    49953.8197        
2.134927412    49954.1256        
2.134471718    49954.4261        
2.134016219    49954.7199        
2.133560913    49955.0054        
2.133105802    49955.2812        
2.132650885    49955.5456        
2.132196162    49955.7973        
2.131741633    49956.0353        
2.131287298    49956.2605        
2.130833156    49956.4746        
2.130379207    49956.6792        
2.129925453    49956.8759        
2.129471891    49957.0661        
2.129018522    49957.2515        
2.128565347    49957.4335        
2.128112364    49957.6138        
2.127659574    49957.7939        
2.127206977    49957.9749        
2.126754573    49958.1567        
2.12630236     49958.3391        
2.12585034     49958.5214        
2.125398512    49958.7035        
2.124946876    49958.8848        
2.124495432    49959.0652        
2.12404418     49959.2442        
2.12359312     49959.4215        
2.123142251    49959.597         
2.122691573    49959.77          
2.122241087    49959.939         
2.121790791    49960.1021        
2.121340687    49960.2573        
2.120890774    49960.4027        
2.120441052    49960.5363        
2.11999152     49960.6562        
2.119542179    49960.7602        
2.119093028    49960.8464        
2.118644068    49960.9125        
2.118195298    49960.9573        
2.117746717    49960.9827        
2.117298327    49960.9914        
2.116850127    49960.9863        
2.116402116    49960.9701        
2.115954295    49960.9458        
2.115506664    49960.9162        
2.115059222    49960.8842        
2.114611969    49960.8527        
2.114164905    49960.8247        
2.11371803     49960.8025        
2.113271344    49960.7853        
2.112824847    49960.7716        
2.112378538    49960.76          
2.111932418    49960.7488        
2.111486486    49960.7366        
2.111040743    49960.7217        
2.110595188    49960.7027        
2.110149821    49960.678         
2.109704641    49960.6458        
2.10925965     49960.605         
2.108814846    49960.5547        
2.10837023     49960.4945        
2.107925801    49960.4241        
2.10748156     49960.3429        
2.107037505    49960.2505        
2.106593638    49960.1464        
2.106149958    49960.0303        
2.105706465    49959.9015        
2.105263158    49959.7598        
2.104820038    49959.6048        
2.104377104    49959.4379        
2.103934357    49959.2605        
2.103491796    49959.0741        
2.103049422    49958.8802        
2.102607233    49958.6804        
2.10216523     49958.4762        
2.101723413    49958.2692        
2.101281782    49958.061         
2.100840336    49957.8531        
2.100399076    49957.6463        
2.099958001    49957.4384        
2.099517111    49957.2261        
2.099076406    49957.0065        
2.098635887    49956.776         
2.098195552    49956.5315        
2.097755402    49956.2698        
2.097315436    49955.9878        
2.096875655    49955.682         
2.096436059    49955.3491        
2.095996646    49954.9872        
2.095557418    49954.5989        
2.095118374    49954.1881        
2.094679514    49953.7589        
2.094240838    49953.3152        
2.093802345    49952.8611        
2.093364036    49952.4007        
2.09292591     49951.938         
2.092487968    49951.4772        
2.092050209    49951.0224        
2.091612633    49950.5767        
2.09117524     49950.1383        
2.090738031    49949.7045        
2.090301003    49949.2723        
2.089864159    49948.8388        
2.089427497    49948.4012        
2.088991017    49947.9564        
2.08855472     49947.5014        
2.088118605    49947.0333        
2.087682672    49946.549         
2.087246921    49946.0461        
2.086811352    49945.5254        
2.086375965    49944.9882        
2.085940759    49944.4362        
2.085505735    49943.8707        
2.085070892    49943.2933        
2.084636231    49942.7055        
2.084201751    49942.109         
2.083767452    49941.5053        
2.083333333    49940.896         
2.082899396    49940.2822        
2.082465639    49939.6626        
2.082032063    49939.0353        
2.081598668    49938.3985        
2.081165453    49937.7503        
2.080732418    49937.0887        
2.080299563    49936.4118        
2.079866889    49935.7177        
2.079434394    49935.0043        
2.079002079    49934.2697        
2.078569944    49933.5123        
2.078137988    49932.7324        
2.077706212    49931.9307        
2.077274616    49931.1081        
2.076843198    49930.2651        
2.07641196     49929.4026        
2.075980901    49928.5214        
2.075550021    49927.6221        
2.075119319    49926.7055        
2.074688797    49925.7723        
2.074258453    49924.8236        
2.073828287    49923.8609        
2.0733983      49922.8861        
2.072968491    49921.901         
2.07253886     49920.9077        
2.072109407    49919.9079        
2.071680133    49918.9036        
2.071251036    49917.8968        
2.070822116    49916.8894        
2.070393375    49915.8834        
2.069964811    49914.88          
2.069536424    49913.8772        
2.069108214    49912.8721        
2.068680182    49911.8619        
2.068252327    49910.8437        
2.067824648    49909.8146        
2.067397147    49908.7717        
2.066969822    49907.712         
2.066542674    49906.6326        
2.066115702    49905.5304        
2.065688907    49904.4033        
2.065262288    49903.2519        
2.064835846    49902.0775        
2.064409579    49900.8817        
2.063983488    49899.6659        
2.063557573    49898.4314        
2.063131834    49897.1797        
2.062706271    49895.9123        
2.062280883    49894.6305        
2.06185567     49893.3359        
2.061430633    49892.0296        
2.061005771    49890.7114        
2.060581084    49889.3808        
2.060156572    49888.0373        
2.059732235    49886.6805        
2.059308072    49885.3099        
2.058884085    49883.9249        
2.058460272    49882.5251        
2.058036633    49881.1101        
2.057613169    49879.6794        
2.057189879    49878.2325        
2.056766763    49876.7701        
2.056343821    49875.2925        
2.055921053    49873.8004        
2.055498458    49872.2945        
2.055076038    49870.7752        
2.054653791    49869.2431        
2.054231717    49867.699         
2.053809817    49866.1434        
2.05338809     49864.5769        
2.052966537    49862.9999        
2.052545156    49861.4113        
2.052123948    49859.81          
2.051702913    49858.1945        
2.051282051    49856.5637        
2.050861362    49854.9161        
2.050440845    49853.2504        
2.0500205      49851.5654        
2.049600328    49849.8595        
2.049180328    49848.1315        
2.0487605      49846.3803        
2.048340844    49844.6066        
2.04792136     49842.8114        
2.047502048    49840.9956        
2.047082907    49839.1604        
2.046663938    49837.3068        
2.04624514     49835.4357        
2.045826514    49833.5484        
2.045408059    49831.6458        
2.044989775    49829.7291        
2.044571662    49827.7993        
2.04415372     49825.8572        
2.043735949    49823.9035        
2.043318349    49821.9391        
2.042900919    49819.9647        
2.04248366     49817.9811        
2.042066571    49815.989         
2.041649653    49813.9892        
2.041232905    49811.9826        
2.040816327    49809.9699        
2.040399918    49807.9512        
2.03998368     49805.9239        
2.039567612    49803.8849        
2.039151713    49801.8309        
2.038735984    49799.7585        
2.038320424    49797.6645        
2.037905034    49795.5455        
2.037489813    49793.3983        
2.037074761    49791.2194        
2.036659878    49789.0055        
2.036245164    49786.7546        
2.035830619    49784.4702        
2.035416243    49782.1573        
2.035002035    49779.8208        
2.034587996    49777.4658        
2.034174125    49775.0972        
2.033760423    49772.7201        
2.033346889    49770.3396        
2.032933523    49767.9609        
2.032520325    49765.589         
2.032107295    49763.2274        
2.031694433    49760.8722        
2.031281739    49758.5182        
2.030869212    49756.1594        
2.030456853    49753.7903        
2.030044661    49751.4053        
2.029632636    49748.9986        
2.029220779    49746.5646        
2.028809089    49744.0975        
2.028397566    49741.5914        
2.02798621     49739.0425        
2.02757502     49736.4542        
2.027163998    49733.8323        
2.026753141    49731.1822        
2.026342452    49728.5095        
2.025931929    49725.8199        
2.025521572    49723.1192        
2.025111381    49720.413         
2.024701357    49717.707         
2.024291498    49715.0072        
2.023881805    49712.3174        
2.023472278    49709.634         
2.023062917    49706.9517        
2.022653722    49704.2649        
2.022244692    49701.568         
2.021835827    49698.8555        
2.021427128    49696.1216        
2.021018593    49693.3609        
2.020610224    49690.5674        
2.02020202     49687.7357        
2.019793981    49684.8614        
2.019386107    49681.9473        
2.018978397    49678.9978        
2.018570852    49676.0173        
2.018163471    49673.0101        
2.017756255    49669.9806        
2.017349203    49666.9334        
2.016942315    49663.8729        
2.016535592    49660.8036        
2.016129032    49657.7301        
2.015722637    49654.6556        
2.015316405    49651.5792        
2.014910336    49648.4986        
2.014504432    49645.4115        
2.014098691    49642.3156        
2.013693113    49639.2087        
2.013287699    49636.0886        
2.012882448    49632.9529        
2.01247736     49629.7995        
2.012072435    49626.6261        
2.011667673    49623.4307        
2.011263073    49620.2128        
2.010858637    49616.9724        
2.010454363    49613.7092        
2.010050251    49610.4231        
2.009646302    49607.1138        
2.009242516    49603.7812        
2.008838891    49600.4251        
2.008435429    49597.0451        
2.008032129    49593.6412        
2.00762899     49590.2135        
2.007226014    49586.7649        
2.006823199    49583.2986        
2.006420546    49579.818         
2.006018054    49576.3265        
2.005615724    49572.8274        
2.005213555    49569.3241        
2.004811548    49565.8202        
2.004409701    49562.3191        
2.004008016    49558.8244        
2.003606492    49555.338         
2.003205128    49551.8563        
2.002803925    49548.3741        
2.002402883    49544.8863        
2.002002002    49541.3874        
2.001601281    49537.8723        
2.00120072     49534.3356        
2.00080032     49530.772         
2.00040008     49527.1761        
2              49523.5424        
