#wvl [um]      Flux [erg/s/cm]
4              58064.7298        
3.99840064     58080.2306        
3.996802558    58095.6949        
3.995205753    58111.1227        
3.993610224    58126.5147        
3.992015968    58141.871         
3.990422985    58157.1921        
3.988831272    58172.4783        
3.987240829    58187.7301        
3.985651654    58202.9476        
3.984063745    58218.1314        
3.982477101    58233.2818        
3.98089172     58248.3991        
3.9793076      58263.4835        
3.977724741    58278.5352        
3.976143141    58293.5546        
3.974562798    58308.5419        
3.972983711    58323.4973        
3.971405878    58338.4211        
3.969829297    58353.3137        
3.968253968    58368.1751        
3.966679889    58383.0059        
3.965107058    58397.8062        
3.963535474    58412.5765        
3.961965135    58427.317         
3.96039604     58442.0283        
3.958828187    58456.7105        
3.957261575    58471.364         
3.955696203    58485.9893        
3.954132068    58500.5867        
3.95256917     58515.1566        
3.951007507    58529.6992        
3.949447077    58544.2152        
3.94788788     58558.705         
3.946329913    58573.1691        
3.944773176    58587.608         
3.943217666    58602.0222        
3.941663382    58616.4122        
3.940110323    58630.7786        
3.938558488    58645.1218        
3.937007874    58659.4424        
3.935458481    58673.7405        
3.933910307    58688.015         
3.93236335     58702.2646        
3.93081761     58716.4878        
3.929273084    58730.6831        
3.927729772    58744.8491        
3.926187672    58758.9843        
3.924646782    58773.0873        
3.923107101    58787.1565        
3.921568627    58801.1905        
3.92003136     58815.1877        
3.918495298    58829.1468        
3.916960439    58843.0661        
3.915426782    58856.9443        
3.913894325    58870.7798        
3.912363067    58884.5711        
3.910833007    58898.3167        
3.909304144    58912.0151        
3.907776475    58925.6647        
3.90625        58939.2641        
3.904724717    58952.8121        
3.903200625    58966.3096        
3.901677721    58979.7581        
3.900156006    58993.1591        
3.898635478    59006.5139        
3.897116134    59019.8241        
3.895597974    59033.091         
3.894080997    59046.3161        
3.8925652      59059.501         
3.891050584    59072.647         
3.889537145    59085.7557        
3.888024883    59098.8285        
3.886513797    59111.8665        
3.885003885    59124.8713        
3.883495146    59137.844         
3.881987578    59150.7861        
3.88048118     59163.6989        
3.87897595     59176.5837        
3.877471888    59189.442         
3.875968992    59202.275         
3.874467261    59215.084         
3.872966692    59227.8689        
3.871467286    59240.6294        
3.86996904     59253.3653        
3.868471954    59266.0763        
3.866976025    59278.762         
3.865481252    59291.4222        
3.863987635    59304.0567        
3.862495172    59316.6651        
3.861003861    59329.2471        
3.859513701    59341.8025        
3.858024691    59354.331         
3.85653683     59366.8323        
3.855050116    59379.306         
3.853564547    59391.752         
3.852080123    59404.1698        
3.850596843    59416.5593        
3.849114704    59428.9202        
3.847633705    59441.2521        
3.846153846    59453.5547        
3.844675125    59465.8279        
3.84319754     59478.0716        
3.841721091    59490.2861        
3.840245776    59502.4715        
3.838771593    59514.628         
3.837298542    59526.7558        
3.835826621    59538.8549        
3.834355828    59550.9255        
3.832886163    59562.9679        
3.831417625    59574.9822        
3.829950211    59586.9685        
3.82848392     59598.9271        
3.827018752    59610.8581        
3.825554705    59622.7617        
3.824091778    59634.6382        
3.822629969    59646.4876        
3.821169278    59658.3103        
3.819709702    59670.1065        
3.818251241    59681.8763        
3.816793893    59693.6199        
3.815337657    59705.3372        
3.813882532    59717.0273        
3.812428517    59728.6885        
3.81097561     59740.3196        
3.80952381     59751.9191        
3.808073115    59763.4856        
3.806623525    59775.0176        
3.805175038    59786.5137        
3.803727653    59797.9725        
3.802281369    59809.3924        
3.800836184    59820.7721        
3.799392097    59832.1098        
3.797949107    59843.4041        
3.796507213    59854.6532        
3.795066414    59865.8555        
3.793626707    59877.0095        
3.792188093    59888.1134        
3.790750569    59899.1657        
3.789314134    59910.1645        
3.787878788    59921.1084        
3.786444529    59931.9964        
3.785011355    59942.8309        
3.783579266    59953.6153        
3.78214826     59964.3528        
3.780718336    59975.0469        
3.779289494    59985.7007        
3.77786173     59996.3177        
3.776435045    60006.9012        
3.775009438    60017.4547        
3.773584906    60027.9814        
3.772161449    60038.4849        
3.770739065    60048.9682        
3.769317753    60059.4347        
3.767897513    60069.8876        
3.766478343    60080.3302        
3.765060241    60090.7656        
3.763643207    60101.1973        
3.762227239    60111.6284        
3.760812335    60122.0623        
3.759398496    60132.5024        
3.75798572     60142.9509        
3.756574005    60153.4057        
3.75516335     60163.8639        
3.753753754    60174.3224        
3.752345216    60184.7779        
3.750937734    60195.2275        
3.749531309    60205.6679        
3.748125937    60216.096         
3.746721619    60226.5087        
3.745318352    60236.9027        
3.743916136    60247.2749        
3.74251497     60257.6218        
3.741114852    60267.94          
3.739715782    60278.2261        
3.738317757    60288.4765        
3.736920777    60298.6877        
3.735524841    60308.8563        
3.734129948    60318.9787        
3.732736096    60329.0514        
3.731343284    60339.0707        
3.729951511    60349.034         
3.728560776    60358.9409        
3.727171077    60368.792         
3.725782414    60378.5878        
3.724394786    60388.329         
3.723008191    60398.016         
3.721622627    60407.6494        
3.720238095    60417.2298        
3.718854593    60426.7576        
3.717472119    60436.2335        
3.716090673    60445.658         
3.714710253    60455.0313        
3.713330858    60464.354         
3.711952487    60473.6262        
3.710575139    60482.8482        
3.709198813    60492.0205        
3.707823508    60501.1432        
3.706449222    60510.2168        
3.705075954    60519.2416        
3.703703704    60528.2178        
3.702332469    60537.1462        
3.70096225     60546.029         
3.699593045    60554.8687        
3.698224852    60563.668         
3.696857671    60572.4293        
3.6954915      60581.1553        
3.694126339    60589.8487        
3.692762186    60598.5119        
3.69139904     60607.1478        
3.6900369      60615.7588        
3.688675765    60624.3476        
3.687315634    60632.9166        
3.685956506    60641.4683        
3.684598379    60650.0049        
3.683241252    60658.5289        
3.681885125    60667.0427        
3.680529996    60675.5488        
3.679175865    60684.0494        
3.677822729    60692.5472        
3.676470588    60701.0444        
3.675119441    60709.5431        
3.673769287    60718.0426        
3.672420125    60726.542         
3.671071953    60735.0402        
3.669724771    60743.5359        
3.668378577    60752.0283        
3.66703337     60760.5161        
3.66568915     60768.9983        
3.664345914    60777.4738        
3.663003663    60785.9414        
3.661662395    60794.3999        
3.660322108    60802.8482        
3.658982803    60811.2848        
3.657644477    60819.7083        
3.65630713     60828.1174        
3.65497076     60836.5107        
3.653635367    60844.8868        
3.65230095     60853.2442        
3.650967506    60861.5817        
3.649635036    60869.8978        
3.648303539    60878.1906        
3.646973012    60886.456         
3.645643456    60894.6895        
3.644314869    60902.8863        
3.64298725     60911.042         
3.641660597    60919.1519        
3.640334911    60927.2113        
3.639010189    60935.2155        
3.637686431    60943.16          
3.636363636    60951.0399        
3.635041803    60958.8506        
3.63372093     60966.5872        
3.632401017    60974.2448        
3.631082062    60981.8187        
3.629764065    60989.3038        
3.628447025    60996.6954        
3.627130939    61003.9884        
3.625815809    61011.1779        
3.624501631    61018.259         
3.623188406    61025.2268        
3.621876132    61032.0777        
3.620564808    61038.8142        
3.619254434    61045.4404        
3.617945007    61051.9603        
3.616636528    61058.3778        
3.615328995    61064.697         
3.614022407    61070.922         
3.612716763    61077.0568        
3.611412062    61083.1055        
3.610108303    61089.0722        
3.608805485    61094.9611        
3.607503608    61100.7761        
3.606202669    61106.5215        
3.604902668    61112.2014        
3.603603604    61117.82          
3.602305476    61123.3813        
3.601008282    61128.8896        
3.599712023    61134.3491        
3.598416697    61139.7639        
3.597122302    61145.1383        
3.595828839    61150.4756        
3.594536305    61155.7751        
3.5932447      61161.0356        
3.591954023    61166.2554        
3.590664273    61171.4332        
3.589375449    61176.5674        
3.588087549    61181.6565        
3.586800574    61186.6992        
3.585514521    61191.6939        
3.584229391    61196.6391        
3.582945181    61201.5334        
3.581661891    61206.3751        
3.58037952     61211.1628        
3.579098067    61215.8948        
3.577817531    61220.5697        
3.576537911    61225.1858        
3.575259206    61229.7416        
3.573981415    61234.2355        
3.572704537    61238.666         
3.571428571    61243.0314        
3.570153517    61247.3306        
3.568879372    61251.5634        
3.567606136    61255.73          
3.566333809    61259.8308        
3.565062389    61263.8659        
3.563791875    61267.8356        
3.562522266    61271.7401        
3.561253561    61275.5797        
3.55998576     61279.3546        
3.558718861    61283.0651        
3.557452864    61286.7113        
3.556187767    61290.2936        
3.554923569    61293.8121        
3.55366027     61297.2671        
3.552397869    61300.6587        
3.551136364    61303.9872        
3.549875754    61307.2528        
3.54861604     61310.4557        
3.547357219    61313.5961        
3.546099291    61316.6743        
3.544842255    61319.6908        
3.543586109    61322.6479        
3.542330854    61325.5484        
3.541076487    61328.3948        
3.539823009    61331.1899        
3.538570418    61333.9362        
3.537318712    61336.6365        
3.536067893    61339.2936        
3.534817957    61341.9099        
3.533568905    61344.4884        
3.532320735    61347.0316        
3.531073446    61349.5424        
3.529827038    61352.0238        
3.52858151     61354.4785        
3.527336861    61356.9094        
3.526093089    61359.3194        
3.524850194    61361.7115        
3.523608175    61364.0884        
3.522367031    61366.4531        
3.521126761    61368.8085        
3.519887364    61371.1559        
3.518648839    61373.4907        
3.517411185    61375.8065        
3.516174402    61378.0971        
3.514938489    61380.3562        
3.513703443    61382.5776        
3.512469266    61384.7549        
3.511235955    61386.8818        
3.51000351     61388.9521        
3.50877193     61390.9594        
3.507541214    61392.8973        
3.50631136     61394.7596        
3.505082369    61396.5401        
3.50385424     61398.2324        
3.50262697     61399.8302        
3.50140056     61401.3272        
3.500175009    61402.7171        
3.498950315    61403.9936        
3.497726478    61405.1504        
3.496503497    61406.1811        
3.49528137     61407.0814        
3.494060098    61407.8545        
3.492839679    61408.5054        
3.491620112    61409.0393        
3.490401396    61409.4613        
3.489183531    61409.7764        
3.487966516    61409.99          
3.486750349    61410.107         
3.48553503     61410.1326        
3.484320557    61410.072         
3.483106931    61409.9304        
3.48189415     61409.713         
3.480682214    61409.4253        
3.47947112     61409.0725        
3.47826087     61408.66          
3.47705146     61408.1932        
3.475842892    61407.6774        
3.474635163    61407.118         
3.473428274    61406.5202        
3.472222222    61405.8896        
3.471017008    61405.2301        
3.46981263     61404.5408        
3.468609088    61403.8194        
3.46740638     61403.0635        
3.466204506    61402.2711        
3.465003465    61401.4397        
3.463803256    61400.5671        
3.462603878    61399.651         
3.461405331    61398.6892        
3.460207612    61397.6794        
3.459010723    61396.6193        
3.457814661    61395.507         
3.456619426    61394.3405        
3.455425017    61393.1178        
3.454231434    61391.8371        
3.453038674    61390.4964        
3.451846738    61389.0936        
3.450655625    61387.627         
3.449465333    61386.0944        
3.448275862    61384.4941        
3.447087211    61382.8243        
3.44589938     61381.0843        
3.444712367    61379.2738        
3.443526171    61377.3924        
3.442340792    61375.4396        
3.441156228    61373.4152        
3.43997248     61371.3186        
3.438789546    61369.1496        
3.437607425    61366.9078        
3.436426117    61364.5927        
3.43524562     61362.204         
3.434065934    61359.7414        
3.432887058    61357.2046        
3.431708991    61354.5935        
3.430531732    61351.9076        
3.429355281    61349.1467        
3.428179637    61346.3107        
3.427004798    61343.3991        
3.425830764    61340.4118        
3.424657534    61337.3484        
3.423485108    61334.2089        
3.422313484    61330.9936        
3.421142662    61327.7029        
3.41997264     61324.3373        
3.418803419    61320.8973        
3.417634997    61317.3832        
3.416467373    61313.7956        
3.415300546    61310.1349        
3.414134517    61306.4016        
3.412969283    61302.5961        
3.411804845    61298.7188        
3.410641201    61294.7704        
3.40947835     61290.7512        
3.408316292    61286.6618        
3.407155026    61282.5027        
3.40599455     61278.2744        
3.404834866    61273.9773        
3.40367597     61269.612         
3.402517863    61265.1789        
3.401360544    61260.6787        
3.400204012    61256.1117        
3.399048266    61251.4788        
3.397893306    61246.7806        
3.39673913     61242.0178        
3.395585739    61237.1912        
3.39443313     61232.3014        
3.393281303    61227.3493        
3.392130258    61222.3355        
3.390979993    61217.2608        
3.389830508    61212.1258        
3.388681803    61206.9313        
3.387533875    61201.6781        
3.386386725    61196.3666        
3.385240352    61190.9978        
3.384094755    61185.5723        
3.382949932    61180.0907        
3.381805884    61174.5539        
3.38066261     61168.9623        
3.379520108    61163.3169        
3.378378378    61157.6182        
3.37723742     61151.8666        
3.376097232    61146.0611        
3.374957813    61140.2002        
3.373819163    61134.2827        
3.372681282    61128.3071        
3.371544167    61122.2721        
3.370407819    61116.1762        
3.369272237    61110.0182        
3.36813742     61103.7967        
3.367003367    61097.5103        
3.365870077    61091.1577        
3.36473755     61084.7373        
3.363605785    61078.2478        
3.362474781    61071.6876        
3.361344538    61065.0554        
3.360215054    61058.3496        
3.359086329    61051.5688        
3.357958361    61044.7116        
3.356831151    61037.7766        
3.355704698    61030.7622        
3.354579       61023.6679        
3.353454058    61016.4958        
3.352329869    61009.249         
3.351206434    61001.9303        
3.350083752    60994.5428        
3.348961822    60987.0894        
3.347840643    60979.5729        
3.346720214    60971.9965        
3.345600535    60964.3629        
3.344481605    60956.6751        
3.343363424    60948.936         
3.342245989    60941.1482        
3.341129302    60933.3145        
3.34001336     60925.4374        
3.338898164    60917.5196        
3.337783712    60909.5637        
3.336670003    60901.5724        
3.335557038    60893.5482        
3.334444815    60885.4937        
3.333333333    60877.4116        
3.332222592    60869.3037        
3.331112592    60861.169         
3.33000333     60853.0058        
3.328894807    60844.8126        
3.327787022    60836.5875        
3.326679973    60828.3289        
3.325573661    60820.0351        
3.324468085    60811.7045        
3.323363244    60803.3355        
3.322259136    60794.9262        
3.321155762    60786.4752        
3.320053121    60777.9805        
3.318951211    60769.4404        
3.317850033    60760.8529        
3.316749585    60752.2163        
3.315649867    60743.5287        
3.314550878    60734.7884        
3.313452618    60725.9935        
3.312355084    60717.1422        
3.311258278    60708.2327        
3.310162198    60699.2638        
3.309066843    60690.2367        
3.307972213    60681.1531        
3.306878307    60672.0148        
3.305785124    60662.8234        
3.304692664    60653.5808        
3.303600925    60644.2886        
3.302509908    60634.9485        
3.30141961     60625.5624        
3.300330033    60616.1318        
3.299241175    60606.6585        
3.298153034    60597.1442        
3.297065612    60587.5906        
3.295978906    60577.9995        
3.294892916    60568.3726        
3.293807642    60558.7115        
3.292723082    60549.018         
3.291639236    60539.2938        
3.290556104    60529.5405        
3.289473684    60519.7598        
3.288391976    60509.9534        
3.28731098     60500.123         
3.286230693    60490.2702        
3.285151117    60480.3965        
3.28407225     60470.5037        
3.282994091    60460.5933        
3.281916639    60450.6669        
3.280839895    60440.7262        
3.279763857    60430.7728        
3.278688525    60420.8083        
3.277613897    60410.8341        
3.276539974    60400.8518        
3.275466754    60390.8627        
3.274394237    60380.8681        
3.273322422    60370.8695        
3.272251309    60360.8682        
3.271180896    60350.8655        
3.270111184    60340.8628        
3.269042171    60330.8615        
3.267973856    60320.8629        
3.26690624     60310.868         
3.265839321    60300.8765        
3.264773098    60290.8879        
3.263707572    60280.9016        
3.262642741    60270.917         
3.261578604    60260.9335        
3.260515161    60250.9506        
3.259452412    60240.9676        
3.258390355    60230.9839        
3.25732899     60220.9992        
3.256268317    60211.0126        
3.255208333    60201.0233        
3.25414904     60191.0306        
3.253090436    60181.0335        
3.25203252     60171.0312        
3.250975293    60161.0228        
3.249918752    60151.0074        
3.248862898    60140.9843        
3.24780773     60130.9525        
3.246753247    60120.9112        
3.245699448    60110.8593        
3.244646334    60100.795         
3.243593902    60090.716         
3.242542153    60080.6203        
3.241491086    60070.5056        
3.2404407      60060.3699        
3.239390994    60050.211         
3.238341969    60040.0269        
3.237293623    60029.8155        
3.236245955    60019.5745        
3.235198965    60009.302         
3.234152652    59998.9958        
3.233107016    59988.6539        
3.232062056    59978.2741        
3.231017771    59967.8544        
3.22997416     59957.3926        
3.228931224    59946.8868        
3.227888961    59936.3349        
3.22684737     59925.7347        
3.225806452    59915.0843        
3.224766204    59904.3826        
3.223726628    59893.6321        
3.222687722    59882.8364        
3.221649485    59871.9991        
3.220611916    59861.1236        
3.219575016    59850.2134        
3.218538783    59839.2721        
3.217503218    59828.303         
3.216468318    59817.3097        
3.215434084    59806.2957        
3.214400514    59795.2642        
3.213367609    59784.2189        
3.212335368    59773.1632        
3.211303789    59762.1004        
3.210272873    59751.034         
3.209242619    59739.9675        
3.208213025    59728.9041        
3.207184092    59717.8473        
3.206155819    59706.8005        
3.205128205    59695.767         
3.20410125     59684.7493        
3.203074952    59673.7465        
3.202049312    59662.757         
3.201024328    59651.7791        
3.2            59640.8109        
3.198976328    59629.8509        
3.19795331     59618.8974        
3.196930946    59607.9487        
3.195909236    59597.0031        
3.194888179    59586.0589        
3.193867774    59575.1146        
3.19284802     59564.1684        
3.191828918    59553.2188        
3.190810466    59542.2641        
3.189792663    59531.3028        
3.18877551     59520.3332        
3.187759005    59509.3538        
3.186743149    59498.363         
3.185727939    59487.3591        
3.184713376    59476.3407        
3.183699459    59465.3059        
3.182686187    59454.2528        
3.18167356     59443.1791        
3.180661578    59432.0825        
3.179650238    59420.9609        
3.178639542    59409.8119        
3.177629488    59398.6335        
3.176620076    59387.4233        
3.175611305    59376.1793        
3.174603175    59364.8992        
3.173595684    59353.5809        
3.172588832    59342.2224        
3.17158262     59330.8218        
3.170577045    59319.377         
3.169572108    59307.8862        
3.168567807    59296.3475        
3.167564143    59284.7589        
3.166561115    59273.1185        
3.165558721    59261.4244        
3.164556962    59249.6746        
3.163555837    59237.8679        
3.162555345    59226.0044        
3.161555485    59214.0851        
3.160556258    59202.1109        
3.159557662    59190.0824        
3.158559697    59178.0005        
3.157562362    59165.8661        
3.156565657    59153.68          
3.15556958     59141.4429        
3.154574132    59129.1558        
3.153579313    59116.8193        
3.15258512     59104.4345        
3.151591554    59092.0022        
3.150598614    59079.5234        
3.149606299    59066.9991        
3.14861461     59054.4301        
3.147623544    59041.8174        
3.146633103    59029.1619        
3.145643284    59016.4646        
3.144654088    59003.7262        
3.143665514    58990.9475        
3.142677561    58978.1277        
3.141690229    58965.2656        
3.140703518    58952.3603        
3.139717425    58939.4107        
3.138731952    58926.4157        
3.137747098    58913.3742        
3.136762861    58900.2853        
3.135779241    58887.1479        
3.134796238    58873.9609        
3.133813851    58860.7233        
3.13283208     58847.4342        
3.131850924    58834.0924        
3.130870382    58820.697         
3.129890454    58807.2469        
3.128911139    58793.7412        
3.127932437    58780.1788        
3.126954346    58766.5588        
3.125976868    58752.8802        
3.125          58739.142         
3.124023743    58725.3432        
3.123048095    58711.4837        
3.122073057    58697.5629        
3.121098627    58683.5806        
3.120124805    58669.5366        
3.119151591    58655.4305        
3.118178983    58641.262         
3.117206983    58627.0309        
3.116235587    58612.7368        
3.115264798    58598.3795        
3.114294612    58583.9587        
3.113325031    58569.4741        
3.112356054    58554.9255        
3.111387679    58540.3126        
3.110419907    58525.6352        
3.109452736    58510.893         
3.108486167    58496.0859        
3.107520199    58481.2135        
3.106554831    58466.2756        
3.105590062    58451.272         
3.104625893    58436.2027        
3.103662322    58421.0687        
3.102699348    58405.8713        
3.101736973    58390.6116        
3.100775194    58375.291         
3.099814011    58359.9106        
3.098853424    58344.4717        
3.097893432    58328.9755        
3.096934035    58313.4233        
3.095975232    58297.8137        
3.095017023    58282.1529        
3.094059406    58266.4395        
3.093102382    58250.6748        
3.092145949    58234.8599        
3.091190108    58218.9958        
3.090234858    58203.0837        
3.089280198    58187.1248        
3.088326127    58171.1202        
3.087372646    58155.071         
3.086419753    58138.9782        
3.085467448    58122.8427        
3.084515731    58106.6636        
3.083564601    58090.4399        
3.082614057    58074.1704        
3.081664099    58057.854         
3.080714726    58041.4896        
3.079765938    58025.0761        
3.078817734    58008.6125        
3.077870114    57992.0975        
3.076923077    57975.5302        
3.075976623    57958.9094        
3.07503075     57942.2343        
3.07408546     57925.5038        
3.07314075     57908.717         
3.072196621    57891.873         
3.071253071    57874.9709        
3.070310101    57858.0096        
3.06936771     57840.9883        
3.068425898    57823.9062        
3.067484663    57806.7621        
3.066544005    57789.5553        
3.065603924    57772.2844        
3.064664419    57754.948         
3.06372549     57737.5449        
3.062787136    57720.0738        
3.061849357    57702.5332        
3.060912152    57684.922         
3.05997552     57667.2389        
3.059039462    57649.4826        
3.058103976    57631.6518        
3.057169061    57613.7454        
3.056234719    57595.7626        
3.055300947    57577.7025        
3.054367746    57559.5644        
3.053435115    57541.3476        
3.052503053    57523.0512        
3.051571559    57504.6746        
3.050640635    57486.217         
3.049710278    57467.6777        
3.048780488    57449.0559        
3.047851265    57430.352         
3.046922608    57411.5698        
3.045994517    57392.7143        
3.045066991    57373.7904        
3.04414003     57354.803         
3.043213634    57335.7569        
3.0422878      57316.6568        
3.04136253     57297.5077        
3.040437823    57278.3141        
3.039513678    57259.0809        
3.038590094    57239.8125        
3.037667072    57220.5134        
3.03674461     57201.1877        
3.035822708    57181.8395        
3.034901366    57162.4731        
3.033980583    57143.0925        
3.033060358    57123.7019        
3.032140691    57104.3052        
3.031221582    57084.9066        
3.03030303     57065.5099        
3.029385035    57046.1179        
3.028467595    57026.7271        
3.027550711    57007.333         
3.026634383    56987.9309        
3.025718608    56968.5161        
3.024803388    56949.0841        
3.023888721    56929.6303        
3.022974607    56910.1502        
3.022061046    56890.6393        
3.021148036    56871.0931        
3.020235578    56851.507         
3.019323671    56831.8755        
3.018412315    56812.193         
3.017501509    56792.454         
3.016591252    56772.6531        
3.015681544    56752.7846        
3.014772385    56732.8434        
3.013863773    56712.8238        
3.01295571     56692.7208        
3.012048193    56672.5289        
3.011141223    56652.2441        
3.010234798    56631.8672        
3.00932892     56611.4002        
3.008423586    56590.845         
3.007518797    56570.2035        
3.006614552    56549.4777        
3.005710851    56528.6694        
3.004807692    56507.7805        
3.003905077    56486.813         
3.003003003    56465.7686        
3.002101471    56444.6491        
3.00120048     56423.4556        
3.00030003     56402.189         
2.99940012     56380.8501        
2.99850075     56359.4399        
2.997601918    56337.9593        
2.996703626    56316.4092        
2.995805872    56294.7904        
2.994908655    56273.104         
2.994011976    56251.3507        
2.993115834    56229.5324        
2.992220227    56207.6539        
2.991325157    56185.7212        
2.990430622    56163.74          
2.989536622    56141.716         
2.988643156    56119.6548        
2.987750224    56097.5622        
2.986857826    56075.4436        
2.98596596     56053.3046        
2.985074627    56031.1507        
2.984183826    56008.9872        
2.983293556    55986.8188        
2.982403817    55964.65          
2.981514609    55942.4853        
2.980625931    55920.3291        
2.979737783    55898.1858        
2.978850164    55876.0598        
2.977963073    55853.9554        
2.977076511    55831.877         
2.976190476    55809.8289        
2.975304969    55787.8131        
2.974419988    55765.8238        
2.973535534    55743.8527        
2.972651605    55721.8918        
2.971768202    55699.9332        
2.970885324    55677.969         
2.97000297     55655.9913        
2.96912114     55633.9923        
2.968239834    55611.9643        
2.96735905     55589.8996        
2.96647879     55567.7905        
2.965599051    55545.629         
2.964719834    55523.4068        
2.963841138    55501.116         
2.962962963    55478.7487        
2.962085308    55456.2968        
2.961208173    55433.7525        
2.960331557    55411.1082        
2.95945546     55388.356         
2.958579882    55365.4883        
2.957704821    55342.4996        
2.956830278    55319.3924        
2.955956252    55296.1713        
2.955082742    55272.8406        
2.954209749    55249.405         
2.953337271    55225.8689        
2.952465309    55202.2365        
2.951593861    55178.5124        
2.950722927    55154.7008        
2.949852507    55130.8061        
2.948982601    55106.8322        
2.948113208    55082.7826        
2.947244327    55058.6602        
2.946375958    55034.4681        
2.9455081      55010.2092        
2.944640754    54985.8866        
2.943773918    54961.5032        
2.942907593    54937.0619        
2.942041777    54912.5657        
2.941176471    54888.0174        
2.940311673    54863.4198        
2.939447384    54838.7749        
2.938583603    54814.0846        
2.937720329    54789.3506        
2.936857562    54764.5747        
2.935995302    54739.7589        
2.935133549    54714.9048        
2.9342723      54690.0142        
2.933411558    54665.0854        
2.93255132     54640.1272        
2.931691586    54615.1377        
2.930832356    54590.118         
2.92997363     54565.0691        
2.929115407    54539.992         
2.928257687    54514.8876        
2.927400468    54489.757         
2.926543752    54464.601         
2.925687537    54439.4208        
2.924831822    54414.2172        
2.923976608    54388.9911        
2.923121894    54363.7432        
2.92226768     54338.4726        
2.921413964    54313.1783        
2.920560748    54287.8592        
2.919708029    54262.5141        
2.918855809    54237.142         
2.918004085    54211.7418        
2.917152859    54186.3125        
2.916302129    54160.853         
2.915451895    54135.3623        
2.914602157    54109.8392        
2.913752914    54084.2823        
2.912904165    54058.6896        
2.912055911    54033.0596        
2.911208151    54007.3907        
2.910360885    53981.681         
2.909514111    53955.929         
2.90866783     53930.1331        
2.907822041    53904.2917        
2.906976744    53878.4032        
2.906131938    53852.4666        
2.905287623    53826.4836        
2.904443799    53800.4564        
2.903600465    53774.387         
2.90275762     53748.2778        
2.901915264    53722.1309        
2.901073397    53695.9484        
2.900232019    53669.7323        
2.899391128    53643.4849        
2.898550725    53617.2082        
2.897710808    53590.9042        
2.896871379    53564.575         
2.896032436    53538.2225        
2.895193978    53511.8487        
2.894356006    53485.4557        
2.893518519    53459.0452        
2.892681516    53432.6192        
2.891844997    53406.1796        
2.891008962    53379.7283        
2.89017341     53353.2672        
2.889338342    53326.7972        
2.888503755    53300.3153        
2.887669651    53273.8181        
2.886836028    53247.3017        
2.886002886    53220.7625        
2.885170225    53194.1969        
2.884338044    53167.6014        
2.883506344    53140.9725        
2.882675123    53114.3065        
2.88184438     53087.6002        
2.881014117    53060.8502        
2.880184332    53034.0539        
2.879355024    53007.2091        
2.878526195    52980.3133        
2.877697842    52953.3643        
2.876869965    52926.3599        
2.876042565    52899.2978        
2.875215641    52872.1757        
2.874389192    52844.9916        
2.873563218    52817.7432        
2.872737719    52790.4297        
2.871912694    52763.0556        
2.871088142    52735.6267        
2.870264064    52708.1485        
2.869440459    52680.6267        
2.868617326    52653.0669        
2.867794666    52625.4746        
2.866972477    52597.8551        
2.86615076     52570.214         
2.865329513    52542.5564        
2.864508737    52514.8876        
2.863688431    52487.2121        
2.862868594    52459.5343        
2.862049227    52431.8584        
2.861230329    52404.1888        
2.860411899    52376.5296        
2.859593938    52348.8851        
2.858776444    52321.2594        
2.857959417    52293.6566        
2.857142857    52266.0808        
2.856326764    52238.5346        
2.855511136    52211.0154        
2.854695975    52183.5189        
2.853881279    52156.0411        
2.853067047    52128.5781        
2.85225328     52101.1257        
2.851439977    52073.6801        
2.850627138    52046.2374        
2.849814762    52018.7937        
2.849002849    51991.3451        
2.848191398    51963.8878        
2.84738041     51936.4178        
2.846569883    51908.9311        
2.845759818    51881.4239        
2.844950213    51853.8923        
2.844141069    51826.3323        
2.843332386    51798.7403        
2.842524161    51771.1125        
2.841716397    51743.445         
2.840909091    51715.7344        
2.840102244    51687.9788        
2.839295855    51660.1837        
2.838489923    51632.3565        
2.837684449    51604.5044        
2.836879433    51576.6346        
2.836074872    51548.7542        
2.835270768    51520.8703        
2.83446712     51492.9897        
2.833663927    51465.1193        
2.83286119     51437.266         
2.832058907    51409.4365        
2.831257078    51381.6372        
2.830455703    51353.8747        
2.829654782    51326.1552        
2.828854314    51298.4851        
2.828054299    51270.8706        
2.827254736    51243.3177        
2.826455625    51215.8327        
2.825656965    51188.4215        
2.824858757    51161.0902        
2.824061       51133.8423        
2.823263693    51106.6732        
2.822466836    51079.5758        
2.821670429    51052.5432        
2.820874471    51025.5686        
2.820078962    50998.6453        
2.819283902    50971.7666        
2.81848929     50944.9258        
2.817695125    50918.1165        
2.816901408    50891.3272        
2.816108139    50864.5612        
2.815315315    50837.8068        
2.814522938    50811.0569        
2.813731007    50784.3046        
2.812939522    50757.5432        
2.812148481    50730.7657        
2.811357886    50703.9656        
2.810567735    50677.1362        
2.809778028    50650.271         
2.808988764    50623.3635        
2.808199944    50596.4088        
2.807411567    50569.4081        
2.806623632    50542.3643        
2.805836139    50515.2801        
2.805049088    50488.1583        
2.804262479    50461.0016        
2.803476311    50433.8127        
2.802690583    50406.5943        
2.801905296    50379.3489        
2.801120448    50352.0793        
2.80033604     50324.7879        
2.799552072    50297.4764        
2.798768542    50270.1467        
2.79798545     50242.8002        
2.797202797    50215.4388        
2.796420582    50188.064         
2.795638803    50160.6773        
2.794857462    50133.2805        
2.794076558    50105.875         
2.793296089    50078.4624        
2.792516057    50051.0448        
2.79173646     50023.6262        
2.790957298    49996.2114        
2.790178571    49968.8049        
2.789400279    49941.4113        
2.788622421    49914.0349        
2.787844996    49886.6803        
2.787068004    49859.3518        
2.786291446    49832.0539        
2.78551532     49804.7907        
2.784739627    49777.5665        
2.783964365    49750.385         
2.783189535    49723.2497        
2.782415136    49696.1642        
2.781641168    49669.1321        
2.780867631    49642.1569        
2.780094523    49615.2418        
2.779321845    49588.3905        
2.778549597    49561.6062        
2.777777778    49534.8923        
2.777006387    49508.2502        
2.776235425    49481.6739        
2.77546489     49455.1556        
2.774694784    49428.6873        
2.773925104    49402.2615        
2.773155851    49375.8705        
2.772387025    49349.5067        
2.771618625    49323.1627        
2.770850651    49296.831         
2.770083102    49270.5043        
2.769315979    49244.1753        
2.76854928     49217.8365        
2.767783006    49191.4804        
2.767017156    49165.0998        
2.766251729    49138.6873        
2.765486726    49112.2356        
2.764722145    49085.7376        
2.763957988    49059.1863        
2.763194253    49032.5746        
2.762430939    49005.8955        
2.761668048    48979.1444        
2.760905577    48952.3252        
2.760143527    48925.4442        
2.759381898    48898.5074        
2.75862069     48871.5208        
2.757859901    48844.4904        
2.757099531    48817.4222        
2.756339581    48790.322         
2.75558005     48763.1955        
2.754820937    48736.0486        
2.754062242    48708.887         
2.753303965    48681.7162        
2.752546105    48654.5418        
2.751788663    48627.3694        
2.751031637    48600.2043        
2.750275028    48573.052         
2.749518834    48545.9178        
2.748763057    48518.8071        
2.748007694    48491.725         
2.747252747    48464.6767        
2.746498215    48437.6657        
2.745744097    48410.6884        
2.744990393    48383.7398        
2.744237102    48356.8147        
2.743484225    48329.908         
2.742731761    48303.0148        
2.741979709    48276.1302        
2.74122807     48249.2491        
2.740476843    48222.3668        
2.739726027    48195.4785        
2.738975623    48168.5795        
2.73822563     48141.6653        
2.737476047    48114.7317        
2.736726875    48087.7745        
2.735978112    48060.7895        
2.735229759    48033.7724        
2.734481816    48006.7192        
2.733734281    47979.6259        
2.732987155    47952.4883        
2.732240437    47925.3025        
2.731494127    47898.0653        
2.730748225    47870.7768        
2.73000273     47843.4378        
2.729257642    47816.0492        
2.72851296     47788.6119        
2.727768685    47761.1265        
2.727024816    47733.5941        
2.726281352    47706.0154        
2.725538294    47678.3912        
2.72479564     47650.7225        
2.724053391    47623.0101        
2.723311547    47595.2554        
2.722570106    47567.4601        
2.721829069    47539.6258        
2.721088435    47511.7539        
2.720348205    47483.846         
2.719608376    47455.9035        
2.718868951    47427.928         
2.718129927    47399.921         
2.717391304    47371.8838        
2.716653083    47343.8181        
2.715915263    47315.7259        
2.715177844    47287.6093        
2.714440825    47259.4705        
2.713704206    47231.3116        
2.712967987    47203.1346        
2.712232167    47174.9416        
2.711496746    47146.7347        
2.710761724    47118.516         
2.7100271      47090.2874        
2.709292875    47062.0449        
2.708559047    47033.8035        
2.707825616    47005.5594        
2.707092583    46977.3152        
2.706359946    46949.0735        
2.705627706    46920.8367        
2.704895862    46892.6073        
2.704164413    46864.3877        
2.70343336     46836.1804        
2.702702703    46807.9878        
2.70197244     46779.8112        
2.701242572    46751.6486        
2.700513097    46723.497         
2.699784017    46695.3535        
2.699055331    46667.215         
2.698327037    46639.0789        
2.697599137    46610.942         
2.696871629    46582.8017        
2.696144513    46554.6551        
2.69541779     46526.4995        
2.694691458    46498.3321        
2.693965517    46470.1499        
2.693239968    46441.95          
2.692514809    46413.7294        
2.69179004     46385.4854        
2.691065662    46357.2149        
2.690341673    46328.9153        
2.689618074    46300.5836        
2.688894864    46272.2171        
2.688172043    46243.8131        
2.68744961     46215.3694        
2.686727566    46186.8867        
2.686005909    46158.366         
2.68528464     46129.8086        
2.684563758    46101.2157        
2.683843264    46072.5882        
2.683123155    46043.9275        
2.682403433    46015.2347        
2.681684098    45986.5109        
2.680965147    45957.7573        
2.680246583    45928.975         
2.679528403    45900.1656        
2.678810608    45871.3305        
2.678093198    45842.4712        
2.677376171    45813.5894        
2.676659529    45784.6864        
2.67594327     45755.7638        
2.675227394    45726.823         
2.674511902    45697.8655        
2.673796791    45668.8928        
2.673082064    45639.9063        
2.672367718    45610.9068        
2.671653754    45581.8951        
2.670940171    45552.872         
2.670226969    45523.8383        
2.669514148    45494.7948        
2.668801708    45465.7422        
2.668089648    45436.6812        
2.667377967    45407.6125        
2.666666667    45378.5369        
2.665955745    45349.4551        
2.665245203    45320.3684        
2.664535039    45291.2778        
2.663825253    45262.1848        
2.663115846    45233.0903        
2.662406816    45203.9957        
2.661698163    45174.9021        
2.660989888    45145.8106        
2.66028199     45116.7223        
2.659574468    45087.6384        
2.658867323    45058.5598        
2.658160553    45029.4863        
2.657454159    45000.4179        
2.65674814     44971.3542        
2.656042497    44942.295         
2.655337228    44913.2402        
2.654632333    44884.1895        
2.653927813    44855.1428        
2.653223667    44826.0998        
2.652519894    44797.0604        
2.651816494    44768.0244        
2.651113468    44738.9919        
2.650410814    44709.9628        
2.649708532    44680.9373        
2.649006623    44651.9155        
2.648305085    44622.8974        
2.647603918    44593.8831        
2.646903123    44564.8726        
2.646202699    44535.8661        
2.645502646    44506.8636        
2.644802962    44477.865         
2.644103649    44448.8693        
2.643404705    44419.8757        
2.642706131    44390.8829        
2.642007926    44361.8899        
2.64131009     44332.8957        
2.640612622    44303.8993        
2.639915523    44274.8997        
2.639218791    44245.8959        
2.638522427    44216.887         
2.637826431    44187.8718        
2.637130802    44158.8494        
2.636435539    44129.8187        
2.635740643    44100.7785        
2.635046113    44071.7279        
2.634351949    44042.6658        
2.633658151    44013.5911        
2.632964718    43984.5028        
2.63227165     43955.3999        
2.631578947    43926.2814        
2.630886609    43897.1469        
2.630194634    43867.9979        
2.629503024    43838.8367        
2.628811777    43809.6654        
2.628120894    43780.4863        
2.627430373    43751.3013        
2.626740215    43722.1127        
2.62605042     43692.9224        
2.625360987    43663.7326        
2.624671916    43634.5453        
2.623983207    43605.3626        
2.623294858    43576.1864        
2.622606871    43547.0189        
2.621919245    43517.8621        
2.621231979    43488.718         
2.620545073    43459.5887        
2.619858528    43430.4762        
2.619172342    43401.3822        
2.618486515    43372.3088        
2.617801047    43343.2579        
2.617115938    43314.2309        
2.616431188    43285.2273        
2.615746796    43256.2463        
2.615062762    43227.287         
2.614379085    43198.3485        
2.613695766    43169.43          
2.613012804    43140.5231        
2.612330199    43111.6423        
2.61164795     43082.7791        
2.610966057    43053.9325        
2.610284521    43025.1018        
2.60960334     42996.2858        
2.608922515    42967.4832        
2.608242045    42938.6927        
2.60756193     42909.9132        
2.606882169    42881.1433        
2.606202763    42852.382         
2.60552371     42823.6281        
2.604845012    42794.8803        
2.604166667    42766.1375        
2.603488675    42737.3989        
2.602811036    42708.6646        
2.60213375     42679.9351        
2.601456816    42651.2107        
2.600780234    42622.4919        
2.600104004    42593.7791        
2.599428126    42565.0728        
2.598752599    42536.3733        
2.598077423    42507.6811        
2.597402597    42478.9964        
2.596728123    42450.3198        
2.596053998    42421.6514        
2.595380223    42392.9914        
2.594706798    42364.3398        
2.594033722    42335.6969        
2.593360996    42307.0627        
2.592688618    42278.4375        
2.592016589    42249.8214        
2.591344908    42221.2146        
2.590673575    42192.6171        
2.59000259     42164.0293        
2.589331952    42135.4525        
2.588661662    42106.8881        
2.587991718    42078.3374        
2.587322122    42049.8018        
2.586652871    42021.2827        
2.585983967    41992.7815        
2.585315408    41964.2993        
2.584647196    41935.8376        
2.583979328    41907.3977        
2.583311806    41878.9807        
2.582644628    41850.5879        
2.581977795    41822.2204        
2.581311306    41793.8795        
2.580645161    41765.5664        
2.57997936     41737.2821        
2.579313903    41709.0278        
2.578648788    41680.8047        
2.577984016    41652.6137        
2.577319588    41624.4562        
2.576655501    41596.3326        
2.575991757    41568.2422        
2.575328354    41540.1839        
2.574665294    41512.1563        
2.574002574    41484.1583        
2.573340196    41456.1888        
2.572678158    41428.2465        
2.572016461    41400.3304        
2.571355104    41372.4393        
2.570694087    41344.5721        
2.57003341     41316.7277        
2.569373073    41288.9052        
2.568713075    41261.1036        
2.568053416    41233.3221        
2.567394095    41205.5598        
2.566735113    41177.8157        
2.566076469    41150.0891        
2.565418163    41122.379         
2.564760195    41094.6847        
2.564102564    41067.0053        
2.56344527     41039.3402        
2.562788314    41011.6898        
2.562131694    40984.0547        
2.56147541     40956.4354        
2.560819462    40928.8327        
2.56016385     40901.2471        
2.559508574    40873.6791        
2.558853634    40846.1293        
2.558199028    40818.5983        
2.557544757    40791.0867        
2.556890821    40763.595         
2.556237219    40736.1242        
2.555583951    40708.6752        
2.554931017    40681.2489        
2.554278416    40653.8462        
2.553626149    40626.468         
2.552974215    40599.1152        
2.552322614    40571.7887        
2.551671345    40544.4894        
2.551020408    40517.2181        
2.550369804    40489.9755        
2.549719531    40462.7618        
2.54906959     40435.577         
2.54841998     40408.421         
2.547770701    40381.2939        
2.547121752    40354.1956        
2.546473135    40327.1262        
2.545824847    40300.0856        
2.54517689     40273.0737        
2.544529262    40246.0907        
2.543881964    40219.1364        
2.543234995    40192.211         
2.542588355    40165.3148        
2.541942044    40138.4478        
2.541296061    40111.6101        
2.540650407    40084.8021        
2.54000508     40058.0237        
2.539360081    40031.2752        
2.53871541     40004.5567        
2.538071066    39977.8684        
2.537427049    39951.2104        
2.536783359    39924.5833        
2.536139995    39897.9876        
2.535496957    39871.4238        
2.534854246    39844.8925        
2.53421186     39818.3943        
2.5335698      39791.9296        
2.532928065    39765.499         
2.532286655    39739.103         
2.53164557     39712.742         
2.531004809    39686.4168        
2.530364372    39660.1278        
2.52972426     39633.8761        
2.529084471    39607.6622        
2.528445006    39581.4869        
2.527805865    39555.3511        
2.527167046    39529.2554        
2.52652855     39503.2006        
2.525890376    39477.1873        
2.525252525    39451.2163        
2.524614996    39425.2882        
2.523977789    39399.4027        
2.523340903    39373.5594        
2.522704339    39347.758         
2.522068096    39321.998         
2.521432173    39296.2792        
2.520796572    39270.6011        
2.52016129     39244.9633        
2.519526329    39219.3655        
2.518891688    39193.7983        
2.518257366    39168.2796        
2.517623364    39142.8001        
2.51698968     39117.3601        
2.516356316    39091.9597        
2.51572327     39066.5989        
2.515090543    39041.2778        
2.514458134    39015.9966        
2.513826043    38990.7553        
2.51319427     38965.554         
2.512562814    38940.3929        
2.511931675    38915.2724        
2.511300854    38890.1948        
2.510670349    38865.1626        
2.510040161    38840.1785        
2.509410289    38815.245         
2.508780733    38790.3647        
2.508151492    38765.5401        
2.507522568    38740.7737        
2.506893958    38716.0679        
2.506265664    38691.4252        
2.505637685    38666.8479        
2.50501002     38642.339         
2.50438267     38617.9009        
2.503755633    38593.5366        
2.503128911    38569.2486        
2.502502503    38545.0396        
2.501876407    38520.9122        
2.501250625    38496.869         
2.500625156    38472.9126        
2.5            38449.0456        
2.499375156    38425.2693        
2.498750625    38401.5808        
2.498126405    38377.976         
2.497502498    38354.4508        
2.496878901    38331.0014        
2.496255617    38307.6237        
2.495632643    38284.3138        
2.49500998     38261.068         
2.494387628    38237.8823        
2.493765586    38214.7531        
2.493143854    38191.6764        
2.492522433    38168.6486        
2.491901321    38145.6659        
2.491280518    38122.7246        
2.490660025    38099.8209        
2.490039841    38076.9511        
2.489419965    38054.1117        
2.488800398    38031.299         
2.48818114     38008.5094        
2.487562189    37985.7394        
2.486943546    37962.987         
2.486325211    37940.2553        
2.485707184    37917.5492        
2.485089463    37894.8733        
2.48447205     37872.2323        
2.483854943    37849.6307        
2.483238143    37827.0731        
2.482621648    37804.564         
2.48200546     37782.1077        
2.481389578    37759.7089        
2.480774001    37737.3716        
2.48015873     37715.0999        
2.479543764    37692.8973        
2.478929103    37670.7677        
2.478314746    37648.7146        
2.477700694    37626.7416        
2.477086946    37604.8524        
2.476473502    37583.0505        
2.475860361    37561.3394        
2.475247525    37539.7226        
2.474634991    37518.2027        
2.474022761    37496.779         
2.473410834    37475.45          
2.472799209    37454.2144        
2.472187886    37433.0705        
2.471576866    37412.0171        
2.470966148    37391.0526        
2.470355731    37370.1758        
2.469745616    37349.3852        
2.469135802    37328.6794        
2.46852629     37308.0572        
2.467917078    37287.517         
2.467308167    37267.0573        
2.466699556    37246.6766        
2.466091245    37226.3734        
2.465483235    37206.1462        
2.464875524    37185.9935        
2.464268112    37165.9139        
2.463661       37145.9058        
2.463054187    37125.9679        
2.462447673    37106.0991        
2.461841457    37086.3002        
2.46123554     37066.5724        
2.460629921    37046.9169        
2.4600246      37027.335         
2.459419577    37007.8277        
2.458814851    36988.3964        
2.458210423    36969.0421        
2.457606291    36949.7662        
2.457002457    36930.5698        
2.456398919    36911.454         
2.455795678    36892.4196        
2.455192733    36873.4671        
2.454590083    36854.5973        
2.45398773     36835.8107        
2.453385672    36817.108         
2.45278391     36798.4898        
2.452182442    36779.9568        
2.45158127     36761.5095        
2.450980392    36743.1485        
2.450379809    36724.8748        
2.44977952     36706.6899        
2.449179525    36688.5959        
2.448579824    36670.5946        
2.447980416    36652.6879        
2.447381302    36634.8778        
2.446782481    36617.1661        
2.446183953    36599.5548        
2.445585718    36582.0458        
2.444987775    36564.6409        
2.444390125    36547.3422        
2.443792766    36530.152         
2.4431957      36513.0728        
2.442598925    36496.107         
2.442002442    36479.2573        
2.44140625     36462.5259        
2.440810349    36445.9155        
2.440214739    36429.4284        
2.439619419    36413.067         
2.43902439     36396.8339        
2.438429651    36380.7305        
2.437835202    36364.7542        
2.437241043    36348.9013        
2.436647173    36333.1682        
2.436053593    36317.5515        
2.435460302    36302.0474        
2.4348673      36286.6526        
2.434274586    36271.3635        
2.433682161    36256.1765        
2.433090024    36241.0884        
2.432498176    36226.0959        
2.431906615    36211.1973        
2.431315342    36196.3915        
2.430724356    36181.6771        
2.430133657    36167.0528        
2.429543246    36152.5173        
2.428953121    36138.0695        
2.428363283    36123.708         
2.427773731    36109.4316        
2.427184466    36095.2391        
2.426595487    36081.1296        
2.426006793    36067.1045        
2.425418385    36053.1653        
2.424830262    36039.3136        
2.424242424    36025.5512        
2.423654872    36011.8798        
2.423067604    35998.3008        
2.42248062     35984.8161        
2.421893921    35971.4273        
2.421307506    35958.1361        
2.420721375    35944.9439        
2.420135528    35931.8515        
2.419549964    35918.8597        
2.418964683    35905.9691        
2.418379686    35893.1803        
2.417794971    35880.4941        
2.417210539    35867.911         
2.41662639     35855.4319        
2.416042522    35843.0573        
2.415458937    35830.7879        
2.414875634    35818.6242        
2.414292612    35806.5648        
2.413709872    35794.6082        
2.413127413    35782.7526        
2.412545235    35770.9967        
2.411963338    35759.3386        
2.411381722    35747.777         
2.410800386    35736.3101        
2.41021933     35724.9365        
2.409638554    35713.6545        
2.409058058    35702.4621        
2.408477842    35691.3559        
2.407897905    35680.3317        
2.407318247    35669.3854        
2.406738869    35658.5132        
2.406159769    35647.7109        
2.405580948    35636.9745        
2.405002405    35626.3           
2.40442414     35615.6833        
2.403846154    35605.1206        
2.403268445    35594.6087        
2.402691014    35584.149         
2.40211386     35573.7437        
2.401536984    35563.3953        
2.400960384    35553.106         
2.400384061    35542.8781        
2.399808015    35532.7142        
2.399232246    35522.6164        
2.398656752    35512.5871        
2.398081535    35502.6287        
2.397506593    35492.7436        
2.396931927    35482.934         
2.396357537    35473.202         
2.395783421    35463.55          
2.395209581    35453.9802        
2.394636015    35444.4947        
2.394062724    35435.096         
2.393489708    35425.7861        
2.392916966    35416.5675        
2.392344498    35407.4424        
2.391772303    35398.4124        
2.391200383    35389.4763        
2.390628735    35380.6323        
2.390057361    35371.8784        
2.38948626     35363.2127        
2.388915432    35354.6335        
2.388344877    35346.1387        
2.387774594    35337.7266        
2.387204583    35329.3951        
2.386634845    35321.1426        
2.386065378    35312.9671        
2.385496183    35304.8673        
2.38492726     35296.8421        
2.384358608    35288.8901        
2.383790226    35281.0102        
2.383222116    35273.2011        
2.382654277    35265.4617        
2.382086708    35257.7906        
2.381519409    35250.1867        
2.380952381    35242.6487        
2.380385622    35235.1757        
2.379819134    35227.7674        
2.379252915    35220.4242        
2.378686965    35213.1461        
2.378121284    35205.9333        
2.377555873    35198.7861        
2.37699073     35191.7045        
2.376425856    35184.6887        
2.37586125     35177.739         
2.375296912    35170.8555        
2.374732843    35164.0386        
2.374169041    35157.2892        
2.373605507    35150.6085        
2.37304224     35143.9975        
2.372479241    35137.4574        
2.371916509    35130.9893        
2.371354043    35124.5944        
2.370791844    35118.2738        
2.370229912    35112.0286        
2.369668246    35105.8601        
2.369106847    35099.7689        
2.368545713    35093.7528        
2.367984845    35087.8096        
2.367424242    35081.9365        
2.366863905    35076.131         
2.366303833    35070.3907        
2.365744026    35064.7128        
2.365184484    35059.0948        
2.364625207    35053.5342        
2.364066194    35048.0283        
2.363507445    35042.5744        
2.36294896     35037.17          
2.362390739    35031.8121        
2.361832782    35026.4981        
2.361275089    35021.2252        
2.360717658    35015.9906        
2.360160491    35010.7914        
2.359603587    35005.6249        
2.359046945    35000.4882        
2.358490566    34995.3784        
2.357934449    34990.2933        
2.357378595    34985.234         
2.356823003    34980.2019        
2.356267672    34975.1987        
2.355712603    34970.2261        
2.355157796    34965.2857        
2.354603249    34960.3791        
2.354048964    34955.5082        
2.35349494     34950.6745        
2.352941176    34945.8797        
2.352387673    34941.1257        
2.351834431    34936.4141        
2.351281448    34931.7465        
2.350728726    34927.1248        
2.350176263    34922.5507        
2.34962406     34918.0259        
2.349072117    34913.5521        
2.348520432    34909.1311        
2.347969007    34904.7647        
2.34741784     34900.4547        
2.346866933    34896.2023        
2.346316283    34892.0065        
2.345765893    34887.8659        
2.34521576     34883.7789        
2.344665885    34879.744         
2.344116268    34875.7598        
2.343566909    34871.8245        
2.343017807    34867.9368        
2.342468962    34864.095         
2.341920375    34860.2976        
2.341372044    34856.5428        
2.34082397     34852.8282        
2.340276153    34849.1512        
2.339728591    34845.5091        
2.339181287    34841.8992        
2.338634238    34838.319         
2.338087444    34834.7656        
2.337540907    34831.2365        
2.336994625    34827.7289        
2.336448598    34824.24          
2.335902826    34820.7678        
2.33535731     34817.3125        
2.334812048    34813.8751        
2.33426704     34810.4565        
2.333722287    34807.0578        
2.333177788    34803.6799        
2.332633543    34800.3237        
2.332089552    34796.9902        
2.331545815    34793.6805        
2.331002331    34790.3955        
2.3304591      34787.1361        
2.329916123    34783.9031        
2.329373399    34780.6971        
2.328830927    34777.519         
2.328288708    34774.3693        
2.327746741    34771.2488        
2.327205027    34768.1582        
2.326663564    34765.0983        
2.326122354    34762.0697        
2.325581395    34759.0732        
2.325040688    34756.1092        
2.324500232    34753.1766        
2.323960028    34750.2738        
2.323420074    34747.3995        
2.322880372    34744.5522        
2.32234092     34741.7302        
2.321801718    34738.9322        
2.321262767    34736.1565        
2.320724066    34733.4017        
2.320185615    34730.6662        
2.319647414    34727.9485        
2.319109462    34725.248         
2.31857176     34722.5639        
2.318034307    34719.8957        
2.317497103    34717.2427        
2.316960148    34714.6043        
2.316423442    34711.9799        
2.315886985    34709.3688        
2.315350776    34706.7705        
2.314814815    34704.1842        
2.314279102    34701.6096        
2.313743637    34699.0474        
2.31320842     34696.4987        
2.312673451    34693.9644        
2.312138728    34691.4455        
2.311604253    34688.9431        
2.311070025    34686.4581        
2.310536044    34683.9917        
2.31000231     34681.5449        
2.309468822    34679.1186        
2.308935581    34676.7138        
2.308402585    34674.3302        
2.307869836    34671.9675        
2.307337333    34669.6252        
2.306805075    34667.3029        
2.306273063    34665.0002        
2.305741296    34662.7166        
2.305209774    34660.4518        
2.304678497    34658.2052        
2.304147465    34655.9764        
2.303616678    34653.765         
2.303086135    34651.5709        
2.302555837    34649.3938        
2.302025783    34647.2338        
2.301495972    34645.0907        
2.300966406    34642.9643        
2.300437083    34640.8547        
2.299908004    34638.7616        
2.299379168    34636.685         
2.298850575    34634.6248        
2.298322225    34632.5895        
2.297794118    34630.5593        
2.297266253    34628.5407        
2.296738631    34626.5314        
2.296211251    34624.529         
2.295684114    34622.5312        
2.295157218    34620.5356        
2.294630564    34618.5398        
2.294104152    34616.5413        
2.293577982    34614.5377        
2.293052052    34612.5271        
2.292526364    34610.51          
2.292000917    34608.4875        
2.29147571     34606.4607        
2.290950745    34604.4306        
2.290426019    34602.3983        
2.289901534    34600.365         
2.289377289    34598.3317        
2.288853285    34596.2995        
2.288329519    34594.2697        
2.287805994    34592.243         
2.287282708    34590.2195        
2.286759662    34588.1993        
2.286236854    34586.1821        
2.285714286    34584.1679        
2.285191956    34582.1565        
2.284669865    34580.1478        
2.284148013    34578.1418        
2.283626399    34576.1383        
2.283105023    34574.1372        
2.282583885    34572.1385        
2.282062985    34570.1429        
2.281542323    34568.1512        
2.281021898    34566.1641        
2.28050171     34564.1823        
2.27998176     34562.2067        
2.279462047    34560.238         
2.278942571    34558.2771        
2.278423331    34556.3247        
2.277904328    34554.3816        
2.277385561    34552.4484        
2.276867031    34550.5248        
2.276348737    34548.6099        
2.275830678    34546.7033        
2.275312856    34544.8041        
2.274795268    34542.9117        
2.274277917    34541.0255        
2.2737608      34539.1448        
2.273243919    34537.2687        
2.272727273    34535.3967        
2.272210861    34533.5283        
2.271694684    34531.6635        
2.271178742    34529.8027        
2.270663034    34527.9465        
2.27014756     34526.095         
2.26963232     34524.2487        
2.269117313    34522.408         
2.268602541    34520.5733        
2.268088002    34518.745         
2.267573696    34516.9236        
2.267059624    34515.1087        
2.266545784    34513.2979        
2.266032178    34511.488         
2.265518804    34509.6758        
2.265005663    34507.8581        
2.264492754    34506.0316        
2.263980077    34504.1931        
2.263467632    34502.3392        
2.26295542     34500.4667        
2.262443439    34498.5721        
2.26193169     34496.6531        
2.261420172    34494.7109        
2.260908885    34492.748         
2.26039783     34490.7668        
2.259887006    34488.7696        
2.259376412    34486.7588        
2.258866049    34484.7369        
2.258355917    34482.7063        
2.257846015    34480.6694        
2.257336343    34478.6289        
2.256826901    34476.587         
2.25631769     34474.5459        
2.255808707    34472.5073        
2.255299955    34470.4732        
2.254791432    34468.4455        
2.254283138    34466.4262        
2.253775073    34464.4172        
2.253267237    34462.4205        
2.252759631    34460.438         
2.252252252    34458.4719        
2.251745102    34456.5235        
2.251238181    34454.5923        
2.250731488    34452.6773        
2.250225023    34450.7774        
2.249718785    34448.8914        
2.249212776    34447.0183        
2.248706993    34445.157         
2.248201439    34443.3063        
2.247696111    34441.4651        
2.247191011    34439.6324        
2.246686138    34437.807         
2.246181491    34435.9886        
2.245677072    34434.1769        
2.245172878    34432.3716        
2.244668911    34430.5723        
2.244165171    34428.7789        
2.243661656    34426.991         
2.243158367    34425.2082        
2.242655304    34423.4304        
2.242152466    34421.6572        
2.241649854    34419.8881        
2.241147468    34418.1218        
2.240645306    34416.3567        
2.240143369    34414.5911        
2.239641657    34412.8236        
2.23914017     34411.0523        
2.238638908    34409.2759        
2.238137869    34407.4924        
2.237637055    34405.7004        
2.237136465    34403.8981        
2.236636099    34402.084         
2.236135957    34400.2569        
2.235636038    34398.4161        
2.235136343    34396.5604        
2.234636872    34394.6891        
2.234137623    34392.8011        
2.233638597    34390.8955        
2.233139795    34388.9713        
2.232641215    34387.0275        
2.232142857    34385.0632        
2.231644722    34383.0775        
2.231146809    34381.0704        
2.230649119    34379.0423        
2.23015165     34376.9934        
2.229654404    34374.9238        
2.229157379    34372.8339        
2.228660575    34370.724         
2.228163993    34368.5942        
2.227667632    34366.4449        
2.227171492    34364.2763        
2.226675573    34362.0888        
2.226179875    34359.8834        
2.225684398    34357.6613        
2.225189141    34355.4234        
2.224694105    34353.171         
2.224199288    34350.9052        
2.223704692    34348.6272        
2.223210316    34346.338         
2.222716159    34344.0389        
2.222222222    34341.731         
2.221728505    34339.4153        
2.221235007    34337.0913        
2.220741728    34334.7583        
2.220248668    34332.4159        
2.219755827    34330.0632        
2.219263205    34327.6997        
2.218770801    34325.3247        
2.218278616    34322.9375        
2.217786649    34320.5374        
2.2172949      34318.1239        
2.21680337     34315.6963        
2.216312057    34313.2543        
2.215820962    34310.7979        
2.215330084    34308.327         
2.214839424    34305.8413        
2.214348981    34303.3408        
2.213858756    34300.8253        
2.213368747    34298.2947        
2.212878956    34295.7488        
2.212389381    34293.1876        
2.211900022    34290.611         
2.21141088     34288.0194        
2.210921954    34285.4133        
2.210433245    34282.7934        
2.209944751    34280.1601        
2.209456474    34277.514         
2.208968412    34274.8557        
2.208480565    34272.1856        
2.207992934    34269.5045        
2.207505519    34266.8128        
2.207018318    34264.1111        
2.206531333    34261.4003        
2.206044562    34258.6813        
2.205558006    34255.9551        
2.205071665    34253.2225        
2.204585538    34250.4845        
2.204099625    34247.742         
2.203613927    34244.9959        
2.203128442    34242.2472        
2.202643172    34239.4969        
2.202158115    34236.7454        
2.201673272    34233.9914        
2.201188642    34231.2334        
2.200704225    34228.4695        
2.200220022    34225.6981        
2.199736032    34222.9173        
2.199252254    34220.1256        
2.19876869     34217.321         
2.198285337    34214.5019        
2.197802198    34211.6665        
2.19731927     34208.813         
2.196836555    34205.9402        
2.196354052    34203.0467        
2.195871761    34200.1313        
2.195389682    34197.1926        
2.194907814    34194.2294        
2.194426158    34191.2405        
2.193944713    34188.2243        
2.193463479    34185.1798        
2.192982456    34182.1055        
2.192501644    34179.0005        
2.192021043    34175.8654        
2.191540653    34172.7013        
2.191060473    34169.5171        
2.190580504    34166.2983        
2.190100745    34163.0536        
2.189621196    34159.7841        
2.189141856    34156.4908        
2.188662727    34153.1749        
2.188183807    34149.8374        
2.187705097    34146.4794        
2.187226597    34143.1024        
2.186748305    34139.7076        
2.186270223    34136.2964        
2.18579235     34132.8704        
2.185314685    34129.4309        
2.18483723     34125.9793        
2.184359983    34122.5171        
2.183882944    34119.0457        
2.183406114    34115.5665        
2.182929491    34112.0806        
2.182453077    34108.5868        
2.181976871    34105.0835        
2.181500873    34101.5692        
2.181025082    34098.0422        
2.180549498    34094.5008        
2.180074123    34090.9435        
2.179598954    34087.3687        
2.179123992    34083.7746        
2.178649237    34080.1596        
2.17817469     34076.522         
2.177700348    34072.8601        
2.177226214    34069.1722        
2.176752286    34065.4565        
2.176278564    34061.7111        
2.175805048    34057.9345        
2.175331738    34054.1246        
2.174858634    34050.2799        
2.174385736    34046.3983        
2.173913043    34042.4782        
2.173440556    34038.5183        
2.172968275    34034.5195        
2.172496198    34030.4836        
2.172024327    34026.412         
2.17155266     34022.3066        
2.171081198    34018.1687        
2.170609941    34014.0003        
2.170138889    34009.8028        
2.169668041    34005.5779        
2.169197397    34001.3274        
2.168726957    33997.0529        
2.168256722    33992.7559        
2.16778669     33988.4379        
2.167316862    33984.1004        
2.166847237    33979.7448        
2.166377816    33975.3726        
2.165908599    33970.9854        
2.165439584    33966.5848        
2.164970773    33962.1721        
2.164502165    33957.749         
2.164033759    33953.317         
2.163565556    33948.8773        
2.163097556    33944.4312        
2.162629758    33939.9801        
2.162162162    33935.5251        
2.161694769    33931.0676        
2.161227577    33926.6089        
2.160760588    33922.1503        
2.1602938      33917.693         
2.159827214    33913.2385        
2.159360829    33908.7878        
2.158894646    33904.3417        
2.158428664    33899.9006        
2.157962883    33895.465         
2.157497303    33891.0353        
2.157031924    33886.6122        
2.156566746    33882.1961        
2.156101768    33877.7875        
2.155636991    33873.3869        
2.155172414    33868.9949        
2.154708037    33864.6118        
2.15424386     33860.237         
2.153779884    33855.8701        
2.153316107    33851.5103        
2.15285253     33847.1571        
2.152389152    33842.8097        
2.151925974    33838.4674        
2.151462995    33834.1298        
2.151000215    33829.7959        
2.150537634    33825.4653        
2.150075253    33821.1369        
2.14961307     33816.8092        
2.149151085    33812.4803        
2.1486893      33808.1483        
2.148227712    33803.8113        
2.147766323    33799.4674        
2.147305132    33795.1148        
2.146844139    33790.7514        
2.146383344    33786.3755        
2.145922747    33781.9849        
2.145462347    33777.5783        
2.145002145    33773.1558        
2.14454214     33768.7182        
2.144082333    33764.2662        
2.143622722    33759.8005        
2.143163309    33755.3219        
2.142704093    33750.8311        
2.142245073    33746.3288        
2.14178625     33741.8158        
2.141327623    33737.2927        
2.140869193    33732.7604        
2.140410959    33728.219         
2.139952921    33723.6689        
2.139495079    33719.1104        
2.139037433    33714.5435        
2.138579983    33709.9688        
2.138122728    33705.3863        
2.137665669    33700.7964        
2.137208805    33696.1994        
2.136752137    33691.5955        
2.136295663    33686.9856        
2.135839385    33682.3733        
2.135383301    33677.7627        
2.134927412    33673.158         
2.134471718    33668.5635        
2.134016219    33663.9832        
2.133560913    33659.4216        
2.133105802    33654.8829        
2.132650885    33650.3714        
2.132196162    33645.8914        
2.131741633    33641.4473        
2.131287298    33637.0438        
2.130833156    33632.6857        
2.130379207    33628.3778        
2.129925453    33624.1248        
2.129471891    33619.9316        
2.129018522    33615.8032        
2.128565347    33611.7444        
2.128112364    33607.7601        
2.127659574    33603.8554        
2.127206977    33600.0333        
2.126754573    33596.2898        
2.12630236     33592.6188        
2.12585034     33589.0141        
2.125398512    33585.4697        
2.124946876    33581.9794        
2.124495432    33578.5371        
2.12404418     33575.1364        
2.12359312     33571.7711        
2.123142251    33568.4349        
2.122691573    33565.1215        
2.122241087    33561.8249        
2.121790791    33558.539         
2.121340687    33555.2578        
2.120890774    33551.9753        
2.120441052    33548.6852        
2.11999152     33545.3814        
2.119542179    33542.0578        
2.119093028    33538.708         
2.118644068    33535.3258        
2.118195298    33531.9066        
2.117746717    33528.4526        
2.117298327    33524.9678        
2.116850127    33521.4564        
2.116402116    33517.9224        
2.115954295    33514.3698        
2.115506664    33510.8029        
2.115059222    33507.2257        
2.114611969    33503.6424        
2.114164905    33500.0572        
2.11371803     33496.4744        
2.113271344    33492.898         
2.112824847    33489.332         
2.112378538    33485.7805        
2.111932418    33482.2476        
2.111486486    33478.7374        
2.111040743    33475.254         
2.110595188    33471.8017        
2.110149821    33468.3846        
2.109704641    33465.007         
2.10925965     33461.672         
2.108814846    33458.3791        
2.10837023     33455.1263        
2.107925801    33451.9121        
2.10748156     33448.7347        
2.107037505    33445.5922        
2.106593638    33442.483         
2.106149958    33439.4052        
2.105706465    33436.3571        
2.105263158    33433.3368        
2.104820038    33430.3426        
2.104377104    33427.3725        
2.103934357    33424.4247        
2.103491796    33421.4972        
2.103049422    33418.5881        
2.102607233    33415.6954        
2.10216523     33412.8173        
2.101723413    33409.9518        
2.101281782    33407.0968        
2.100840336    33404.2505        
2.100399076    33401.4111        
2.099958001    33398.5783        
2.099517111    33395.7522        
2.099076406    33392.9327        
2.098635887    33390.1198        
2.098195552    33387.3136        
2.097755402    33384.5141        
2.097315436    33381.7212        
2.096875655    33378.935         
2.096436059    33376.1554        
2.095996646    33373.3826        
2.095557418    33370.6169        
2.095118374    33367.8587        
2.094679514    33365.1085        
2.094240838    33362.3666        
2.093802345    33359.6335        
2.093364036    33356.9096        
2.09292591     33354.1954        
2.092487968    33351.4912        
2.092050209    33348.7976        
2.091612633    33346.1148        
2.09117524     33343.4427        
2.090738031    33340.7807        
2.090301003    33338.1284        
2.089864159    33335.4855        
2.089427497    33332.8516        
2.088991017    33330.2262        
2.08855472     33327.609         
2.088118605    33324.9994        
2.087682672    33322.3971        
2.087246921    33319.8017        
2.086811352    33317.2128        
2.086375965    33314.6299        
2.085940759    33312.0527        
2.085505735    33309.4807        
2.085070892    33306.9137        
2.084636231    33304.351         
2.084201751    33301.7925        
2.083767452    33299.2375        
2.083333333    33296.6858        
2.082899396    33294.1369        
2.082465639    33291.5904        
2.082032063    33289.0524        
2.081598668    33286.5095        
2.081165453    33283.9678        
2.080732418    33281.4269        
2.080299563    33278.8863        
2.079866889    33276.3456        
2.079434394    33273.8043        
2.079002079    33271.2622        
2.078569944    33268.7186        
2.078137988    33266.1734        
2.077706212    33263.626         
2.077274616    33261.0761        
2.076843198    33258.5234        
2.07641196     33255.9675        
2.075980901    33253.4079        
2.075550021    33250.8443        
2.075119319    33248.2763        
2.074688797    33245.7036        
2.074258453    33243.1256        
2.073828287    33240.5409        
2.0733983      33237.9481        
2.072968491    33235.3457        
2.07253886     33232.7322        
2.072109407    33230.106         
2.071680133    33227.4657        
2.071251036    33224.8097        
2.070822116    33222.1364        
2.070393375    33219.4443        
2.069964811    33216.7319        
2.069536424    33213.9974        
2.069108214    33211.2394        
2.068680182    33208.4562        
2.068252327    33205.6462        
2.067824648    33202.8078        
2.067397147    33199.9392        
2.066969822    33197.0389        
2.066542674    33194.1053        
2.066115702    33191.1365        
2.065688907    33188.1315        
2.065262288    33185.0913        
2.064835846    33182.0177        
2.064409579    33178.9123        
2.063983488    33175.7769        
2.063557573    33172.613         
2.063131834    33169.4224        
2.062706271    33166.2069        
2.062280883    33162.9682        
2.06185567     33159.7081        
2.061430633    33156.4282        
2.061005771    33153.1303        
2.060581084    33149.8161        
2.060156572    33146.4875        
2.059732235    33143.146         
2.059308072    33139.7936        
2.058884085    33136.4319        
2.058460272    33133.0628        
2.058036633    33129.6881        
2.057613169    33126.3095        
2.057189879    33122.9284        
2.056766763    33119.5436        
2.056343821    33116.1534        
2.055921053    33112.7562        
2.055498458    33109.3504        
2.055076038    33105.934         
2.054653791    33102.5056        
2.054231717    33099.0633        
2.053809817    33095.6054        
2.05338809     33092.1301        
2.052966537    33088.6358        
2.052545156    33085.1208        
2.052123948    33081.5836        
2.051702913    33078.0227        
2.051282051    33074.4363        
2.050861362    33070.8231        
2.050440845    33067.1814        
2.0500205      33063.5095        
2.049600328    33059.8059        
2.049180328    33056.069         
2.0487605      33052.2977        
2.048340844    33048.4934        
2.04792136     33044.6581        
2.047502048    33040.7938        
2.047082907    33036.9026        
2.046663938    33032.9863        
2.04624514     33029.0471        
2.045826514    33025.0871        
2.045408059    33021.1082        
2.044989775    33017.1126        
2.044571662    33013.1023        
2.04415372     33009.0796        
2.043735949    33005.0467        
2.043318349    33001.0058        
2.042900919    32996.9592        
2.04248366     32992.9091        
2.042066571    32988.8578        
2.041649653    32984.8076        
2.041232905    32980.7609        
2.040816327    32976.7199        
2.040399918    32972.6863        
2.03998368     32968.6589        
2.039567612    32964.6359        
2.039151713    32960.6155        
2.038735984    32956.5958        
2.038320424    32952.575         
2.037905034    32948.5511        
2.037489813    32944.5223        
2.037074761    32940.4866        
2.036659878    32936.4423        
2.036245164    32932.3873        
2.035830619    32928.3202        
2.035416243    32924.2394        
2.035002035    32920.1433        
2.034587996    32916.0305        
2.034174125    32911.8992        
2.033760423    32907.7481        
2.033346889    32903.5755        
2.032933523    32899.3799        
2.032520325    32895.1596        
2.032107295    32890.9133        
2.031694433    32886.6402        
2.031281739    32882.3399        
2.030869212    32878.0118        
2.030456853    32873.6553        
2.030044661    32869.2699        
2.029632636    32864.8551        
2.029220779    32860.4103        
2.028809089    32855.935         
2.028397566    32851.4286        
2.02798621     32846.8905        
2.02757502     32842.3207        
2.027163998    32837.7188        
2.026753141    32833.0846        
2.026342452    32828.418         
2.025931929    32823.7188        
2.025521572    32818.9867        
2.025111381    32814.2216        
2.024701357    32809.4232        
2.024291498    32804.5914        
2.023881805    32799.7261        
2.023472278    32794.8275        
2.023062917    32789.8961        
2.022653722    32784.9322        
2.022244692    32779.9362        
2.021835827    32774.9086        
2.021427128    32769.8498        
2.021018593    32764.7601        
2.020610224    32759.64          
2.02020202     32754.4899        
2.019793981    32749.3103        
2.019386107    32744.1021        
2.018978397    32738.8664        
2.018570852    32733.6042        
2.018163471    32728.3166        
2.017756255    32723.0047        
2.017349203    32717.6695        
2.016942315    32712.3121        
2.016535592    32706.9336        
2.016129032    32701.5351        
2.015722637    32696.1178        
2.015316405    32690.6834        
2.014910336    32685.2337        
2.014504432    32679.7707        
2.014098691    32674.2962        
2.013693113    32668.8119        
2.013287699    32663.32          
2.012882448    32657.8221        
2.01247736     32652.3202        
2.012072435    32646.8162        
2.011667673    32641.3121        
2.011263073    32635.8105        
2.010858637    32630.314         
2.010454363    32624.8251        
2.010050251    32619.3467        
2.009646302    32613.8814        
2.009242516    32608.4318        
2.008838891    32603.0006        
2.008435429    32597.5907        
2.008032129    32592.2046        
2.00762899     32586.844         
2.007226014    32581.5051        
2.006823199    32576.1831        
2.006420546    32570.8732        
2.006018054    32565.5704        
2.005615724    32560.2698        
2.005213555    32554.9664        
2.004811548    32549.6552        
2.004409701    32544.3313        
2.004008016    32538.9897        
2.003606492    32533.6251        
2.003205128    32528.2322        
2.002803925    32522.8054        
2.002402883    32517.3392        
2.002002002    32511.828         
2.001601281    32506.266         
2.00120072     32500.6479        
2.00080032     32494.9677        
2.00040008     32489.22          
2              32483.399         
