############################
   Wavenumber   Sampling
----------------------------
Factor to cgs units: 1
Initial value: 2000
Final value: 5500
Spacing: 0.1
Oversample: 1
Number of elements: 35001
############################
   Wavelength   Sampling
----------------------------
Factor to cgs units: 0
Initial value: 0
Final value: 0
Spacing: 0
Oversample: 0
Number of elements: 0
############################
   Radius       Sampling
----------------------------
Factor to cgs units: 100000
Initial value: 80126.7
Final value: 87081.1
Spacing: 0
Number of elements: 100
Values:     80126.724    80167.991    80209.197    80250.365     80291.51    80332.646     80373.78    80414.932    80456.088    80497.281    80538.484    80579.723    80620.993    80662.298    80703.639    80745.013    80786.434    80827.888    80869.384    80910.919    80952.496    80994.115    81035.776    81077.477    81119.222    81161.008    81202.828     81244.69    81286.578    81328.514    81370.485     81412.47    81454.532     81496.69    81538.971    81581.396     81623.99    81666.756    81709.705    81752.832    81796.182    81839.792    81883.868    81928.845    81975.434    82024.504    82076.853    82133.036    82193.275    82257.601    82325.798    82397.623    82472.748    82550.847    82631.594    82714.688    82799.871    82886.868    82975.454    83065.459    83156.694    83249.015    83342.287    83436.404    83531.272    83626.809    83722.952    83819.608    83916.798    84014.383    84112.423    84210.828      84309.6    84408.712    84508.137    84607.871    84707.907    84808.226    84908.838    85009.702    85110.834     85212.24    85313.902    85415.825    85518.008    85620.438    85723.124    85826.048    85929.272    86032.715    86136.401    86240.352    86344.563    86449.022     86553.73    86658.698    86763.938    86869.407    86975.137     87081.15
############################
   Impact parameter Sampling
----------------------------
Factor to cgs units: 100000
Initial value: 87081.1
Final value: 80126.7
Spacing: 0
Oversample: 0
Number of elements: 100
Values:      87081.15    86975.137    86869.407    86763.938    86658.698     86553.73    86449.022    86344.563    86240.352    86136.401    86032.715    85929.272    85826.048    85723.124    85620.438    85518.008    85415.825    85313.902     85212.24    85110.834    85009.702    84908.838    84808.226    84707.907    84607.871    84508.137    84408.712      84309.6    84210.828    84112.423    84014.383    83916.798    83819.608    83722.952    83626.809    83531.272    83436.404    83342.287    83249.015    83156.694    83065.459    82975.454    82886.868    82799.871    82714.688    82631.594    82550.847    82472.748    82397.623    82325.798    82257.601    82193.275    82133.036    82076.853    82024.504    81975.434    81928.845    81883.868    81839.792    81796.182    81752.832    81709.705    81666.756     81623.99    81581.396    81538.971     81496.69    81454.532     81412.47    81370.485    81328.514    81286.578     81244.69    81202.828    81161.008    81119.222    81077.477    81035.776    80994.115    80952.496    80910.919    80869.384    80827.888    80786.434    80745.013    80703.639    80662.298    80620.993    80579.723    80538.484    80497.281    80456.088    80414.932     80373.78    80332.646     80291.51    80250.365    80209.197    80167.991    80126.724
