############################
   Wavenumber   Sampling
----------------------------
Factor to cgs units: 1
Initial value: 280
Final value: 7100
Spacing: 0.1
Oversample: 1
Number of elements: 68201
############################
   Wavelength   Sampling
----------------------------
Factor to cgs units: 0
Initial value: 0
Final value: 0
Spacing: 0
Oversample: 0
Number of elements: 0
############################
   Radius       Sampling
----------------------------
Factor to cgs units: 100000
Initial value: 79372.7
Final value: 85196.4
Spacing: 0
Number of elements: 100
Values:     79372.726    79478.873    79585.296    79692.006    79798.992    79906.247    80013.712    80121.304    80228.768    80335.864    80442.108    80547.099    80650.341    80751.386    80849.841    80945.368    81037.752    81126.795    81212.422    81294.599    81373.359    81448.641    81520.707    81589.702    81655.802    81719.194    81780.074    81838.671    81895.186    81949.861    82002.889    82054.487    82104.851    82154.162    82202.588    82250.276    82297.367     82343.96    82390.156    82436.027    82481.671    82527.118     82572.42    82617.619    82662.744    82707.819    82752.862    82797.894    82842.913    82887.957    82933.006    82978.084     83023.19     83068.33    83113.504    83158.716    83203.978    83249.277    83294.615    83340.005     83385.44    83430.922     83476.45    83522.027    83567.653    83613.329    83659.057    83704.822    83750.657    83796.517    83842.447    83888.417    83934.442    83980.517    84026.639    84072.813    84119.039    84165.315    84211.648    84258.023    84304.448     84350.93     84397.46    84444.043     84490.68    84537.364    84584.101    84630.882    84677.737    84724.628    84771.566    84818.562    84865.613    84912.713    84959.863    85007.068    85054.332    85101.637    85148.995    85196.418
############################
   Impact parameter Sampling
----------------------------
Factor to cgs units: 100000
Initial value: 85196.4
Final value: 79372.7
Spacing: 0
Oversample: 0
Number of elements: 100
Values:     85196.418    85148.995    85101.637    85054.332    85007.068    84959.863    84912.713    84865.613    84818.562    84771.566    84724.628    84677.737    84630.882    84584.101    84537.364     84490.68    84444.043     84397.46     84350.93    84304.448    84258.023    84211.648    84165.315    84119.039    84072.813    84026.639    83980.517    83934.442    83888.417    83842.447    83796.517    83750.657    83704.822    83659.057    83613.329    83567.653    83522.027     83476.45    83430.922     83385.44    83340.005    83294.615    83249.277    83203.978    83158.716    83113.504     83068.33     83023.19    82978.084    82933.006    82887.957    82842.913    82797.894    82752.862    82707.819    82662.744    82617.619     82572.42    82527.118    82481.671    82436.027    82390.156     82343.96    82297.367    82250.276    82202.588    82154.162    82104.851    82054.487    82002.889    81949.861    81895.186    81838.671    81780.074    81719.194    81655.802    81589.702    81520.707    81448.641    81373.359    81294.599    81212.422    81126.795    81037.752    80945.368    80849.841    80751.386    80650.341    80547.099    80442.108    80335.864    80228.768    80121.304    80013.712    79906.247    79798.992    79692.006    79585.296    79478.873    79372.726
