############################
   Wavenumber   Sampling
----------------------------
Factor to cgs units: 1
Initial value: 2000
Final value: 5500
Spacing: 0.1
Oversample: 1
Number of elements: 35001
############################
   Wavelength   Sampling
----------------------------
Factor to cgs units: 0
Initial value: 0
Final value: 0
Spacing: 0
Oversample: 0
Number of elements: 0
############################
   Radius       Sampling
----------------------------
Factor to cgs units: 100000
Initial value: 80235.4
Final value: 83858.2
Spacing: 0
Number of elements: 100
Values:     80235.375     80290.98    80344.347      80395.6    80444.855    80492.241    80537.888    80581.948    80624.545    80665.856    80705.997    80745.133    80783.394     80820.91    80857.799     80894.16    80930.098    80965.681    81000.984    81036.061    81070.962    81105.728    81140.389    81174.971      81209.5    81243.988    81278.448    81312.899    81347.337    81381.787    81416.239    81450.674    81485.125    81519.593    81554.082    81588.593    81623.133    81657.695    81692.282    81726.887    81761.534    81796.202    81830.897    81865.622    81900.377    81935.161    81969.971    82004.815    82039.678    82074.583    82109.508    82144.467    82179.455    82214.473     82249.52    82284.595    82319.707    82354.844    82390.007    82425.205    82460.433     82495.69    82530.977    82566.293    82601.641     82637.02    82672.431    82707.863    82743.342    82778.832    82814.367    82849.926    82885.518    82921.141    82956.792    82992.474    83028.188    83063.932    83099.712    83135.516     83171.35    83207.219    83243.117    83279.047    83315.009        83351    83387.022    83423.071    83459.167    83495.282    83531.425    83567.603    83603.815    83640.056    83676.327    83712.631    83748.972    83785.335    83821.731    83858.167
############################
   Impact parameter Sampling
----------------------------
Factor to cgs units: 100000
Initial value: 83858.2
Final value: 80235.4
Spacing: 0
Oversample: 0
Number of elements: 100
Values:     83858.167    83821.731    83785.335    83748.972    83712.631    83676.327    83640.056    83603.815    83567.603    83531.425    83495.282    83459.167    83423.071    83387.022        83351    83315.009    83279.047    83243.117    83207.219     83171.35    83135.516    83099.712    83063.932    83028.188    82992.474    82956.792    82921.141    82885.518    82849.926    82814.367    82778.832    82743.342    82707.863    82672.431     82637.02    82601.641    82566.293    82530.977     82495.69    82460.433    82425.205    82390.007    82354.844    82319.707    82284.595     82249.52    82214.473    82179.455    82144.467    82109.508    82074.583    82039.678    82004.815    81969.971    81935.161    81900.377    81865.622    81830.897    81796.202    81761.534    81726.887    81692.282    81657.695    81623.133    81588.593    81554.082    81519.593    81485.125    81450.674    81416.239    81381.787    81347.337    81312.899    81278.448    81243.988      81209.5    81174.971    81140.389    81105.728    81070.962    81036.061    81000.984    80965.681    80930.098     80894.16    80857.799     80820.91    80783.394    80745.133    80705.997    80665.856    80624.545    80581.948    80537.888    80492.241    80444.855      80395.6    80344.347     80290.98    80235.375
