############################
   Wavenumber   Sampling
----------------------------
Factor to cgs units: 1
Initial value: 2000
Final value: 5500
Spacing: 0.1
Oversample: 1
Number of elements: 35001
############################
   Wavelength   Sampling
----------------------------
Factor to cgs units: 0
Initial value: 0
Final value: 0
Spacing: 0
Oversample: 0
Number of elements: 0
############################
   Radius       Sampling
----------------------------
Factor to cgs units: 100000
Initial value: 80135.7
Final value: 84614.4
Spacing: 0
Number of elements: 100
Values:     80135.665     80191.97    80246.088    80298.166    80348.357    80396.831    80443.756    80489.319    80533.666    80576.989    80619.406    80661.082    80702.132    80742.677    80782.824    80822.675    80862.347    80901.935    80941.548    80981.281    81021.217    81061.424    81101.948    81142.817    81184.047    81225.634    81267.565    81309.832    81352.401    81395.265    81438.384    81481.693    81525.217     81568.93    81612.818    81656.859    81701.048    81745.359    81789.784    81834.302    81878.936     81923.65    81968.445    82013.319    82058.266    82103.282    82148.362    82193.508    82238.703    82283.973    82329.287    82374.664    82420.095    82465.581    82511.118    82556.707    82602.358    82648.055    82693.799    82739.602    82785.454    82831.359    82877.314    82923.321     82969.38    83015.491    83061.657    83107.863     83154.14    83200.444     83246.82    83293.239    83339.713    83386.239    83432.814    83479.441    83526.123    83572.856    83619.647    83666.482    83713.369    83760.313    83807.308    83854.356     83901.46    83948.613    83995.819    84043.072    84090.399    84137.764    84185.178    84232.651     84280.18     84327.76    84375.392    84423.079    84470.828    84518.618    84566.464    84614.375
############################
   Impact parameter Sampling
----------------------------
Factor to cgs units: 100000
Initial value: 84614.4
Final value: 80135.7
Spacing: 0
Oversample: 0
Number of elements: 100
Values:     84614.375    84566.464    84518.618    84470.828    84423.079    84375.392     84327.76     84280.18    84232.651    84185.178    84137.764    84090.399    84043.072    83995.819    83948.613     83901.46    83854.356    83807.308    83760.313    83713.369    83666.482    83619.647    83572.856    83526.123    83479.441    83432.814    83386.239    83339.713    83293.239     83246.82    83200.444     83154.14    83107.863    83061.657    83015.491     82969.38    82923.321    82877.314    82831.359    82785.454    82739.602    82693.799    82648.055    82602.358    82556.707    82511.118    82465.581    82420.095    82374.664    82329.287    82283.973    82238.703    82193.508    82148.362    82103.282    82058.266    82013.319    81968.445     81923.65    81878.936    81834.302    81789.784    81745.359    81701.048    81656.859    81612.818     81568.93    81525.217    81481.693    81438.384    81395.265    81352.401    81309.832    81267.565    81225.634    81184.047    81142.817    81101.948    81061.424    81021.217    80981.281    80941.548    80901.935    80862.347    80822.675    80782.824    80742.677    80702.132    80661.082    80619.406    80576.989    80533.666    80489.319    80443.756    80396.831    80348.357    80298.166    80246.088     80191.97    80135.665
