# Wavelength   Max Optical   Radius at the    Radius
   (microns)         depth   max depth (km)    index
   2.2909507   1.29852e-04       79791.3810     0099
   2.2909481   1.30137e-04       79791.3810     0099
   2.2909455   1.30423e-04       79791.3810     0099
   2.2909429   1.30710e-04       79791.3810     0099
   2.2909402   1.30997e-04       79791.3810     0099
   2.2909376   1.31286e-04       79791.3810     0099
   2.2909350   1.31575e-04       79791.3810     0099
   2.2909324   1.31865e-04       79791.3810     0099
   2.2909298   1.32156e-04       79791.3810     0099
   2.2909271   1.32448e-04       79791.3810     0099
   2.2909245   1.32741e-04       79791.3810     0099
   2.2909219   1.33035e-04       79791.3810     0099
   2.2909193   1.33330e-04       79791.3810     0099
   2.2909166   1.33625e-04       79791.3810     0099
   2.2909140   1.33922e-04       79791.3810     0099
   2.2909114   1.34219e-04       79791.3810     0099
   2.2909088   1.34518e-04       79791.3810     0099
   2.2909061   1.34817e-04       79791.3810     0099
   2.2909035   1.35117e-04       79791.3810     0099
   2.2909009   1.35418e-04       79791.3810     0099
   2.2908983   1.35720e-04       79791.3810     0099
   2.2908956   1.36023e-04       79791.3810     0099
   2.2908930   1.36327e-04       79791.3810     0099
   2.2908904   1.36632e-04       79791.3810     0099
   2.2908878   1.36938e-04       79791.3810     0099
   2.2908851   1.37244e-04       79791.3810     0099
   2.2908825   1.37552e-04       79791.3810     0099
   2.2908799   1.37861e-04       79791.3810     0099
   2.2908773   1.38170e-04       79791.3810     0099
   2.2908746   1.38481e-04       79791.3810     0099
   2.2908720   1.38792e-04       79791.3810     0099
   2.2908694   1.39105e-04       79791.3810     0099
   2.2908668   1.39418e-04       79791.3810     0099
   2.2908641   1.39733e-04       79791.3810     0099
   2.2908615   1.40048e-04       79791.3810     0099
   2.2908589   1.40364e-04       79791.3810     0099
   2.2908563   1.40682e-04       79791.3810     0099
   2.2908537   1.41000e-04       79791.3810     0099
   2.2908510   1.41319e-04       79791.3810     0099
   2.2908484   1.41640e-04       79791.3810     0099
   2.2908458   1.41961e-04       79791.3810     0099
   2.2908432   1.42284e-04       79791.3810     0099
   2.2908405   1.42607e-04       79791.3810     0099
   2.2908379   1.42931e-04       79791.3810     0099
   2.2908353   1.43257e-04       79791.3810     0099
   2.2908327   1.43583e-04       79791.3810     0099
   2.2908300   1.43911e-04       79791.3810     0099
   2.2908274   1.44239e-04       79791.3810     0099
   2.2908248   1.44569e-04       79791.3810     0099
   2.2908222   1.44899e-04       79791.3810     0099
   2.2908195   1.45231e-04       79791.3810     0099
   2.2908169   1.45564e-04       79791.3810     0099
   2.2908143   1.45898e-04       79791.3810     0099
   2.2908117   1.46232e-04       79791.3810     0099
   2.2908090   1.46568e-04       79791.3810     0099
   2.2908064   1.46905e-04       79791.3810     0099
   2.2908038   1.47243e-04       79791.3810     0099
   2.2908012   1.47582e-04       79791.3810     0099
   2.2907985   1.47922e-04       79791.3810     0099
   2.2907959   1.48264e-04       79791.3810     0099
   2.2907933   1.48606e-04       79791.3810     0099
   2.2907907   1.48949e-04       79791.3810     0099
   2.2907881   1.49294e-04       79791.3810     0099
   2.2907854   1.49639e-04       79791.3810     0099
   2.2907828   1.49986e-04       79791.3810     0099
   2.2907802   1.50334e-04       79791.3810     0099
   2.2907776   1.50683e-04       79791.3810     0099
   2.2907749   1.51033e-04       79791.3810     0099
   2.2907723   1.51384e-04       79791.3810     0099
   2.2907697   1.51736e-04       79791.3810     0099
   2.2907671   1.52090e-04       79791.3810     0099
   2.2907644   1.52444e-04       79791.3810     0099
   2.2907618   1.52800e-04       79791.3810     0099
   2.2907592   1.53157e-04       79791.3810     0099
   2.2907566   1.53515e-04       79791.3810     0099
   2.2907539   1.53874e-04       79791.3810     0099
   2.2907513   1.54234e-04       79791.3810     0099
   2.2907487   1.54596e-04       79791.3810     0099
   2.2907461   1.54958e-04       79791.3810     0099
   2.2907434   1.55322e-04       79791.3810     0099
   2.2907408   1.55687e-04       79791.3810     0099
   2.2907382   1.56053e-04       79791.3810     0099
   2.2907356   1.56420e-04       79791.3810     0099
   2.2907330   1.56789e-04       79791.3810     0099
   2.2907303   1.57159e-04       79791.3810     0099
   2.2907277   1.57530e-04       79791.3810     0099
   2.2907251   1.57902e-04       79791.3810     0099
   2.2907225   1.58275e-04       79791.3810     0099
   2.2907198   1.58650e-04       79791.3810     0099
   2.2907172   1.59025e-04       79791.3810     0099
   2.2907146   1.59402e-04       79791.3810     0099
   2.2907120   1.59781e-04       79791.3810     0099
   2.2907093   1.60160e-04       79791.3810     0099
   2.2907067   1.60541e-04       79791.3810     0099
   2.2907041   1.60923e-04       79791.3810     0099
   2.2907015   1.61306e-04       79791.3810     0099
   2.2906988   1.61691e-04       79791.3810     0099
   2.2906962   1.62076e-04       79791.3810     0099
   2.2906936   1.62463e-04       79791.3810     0099
   2.2906910   1.62852e-04       79791.3810     0099
   2.2906884   1.63241e-04       79791.3810     0099
   2.2906857   1.63632e-04       79791.3810     0099
   2.2906831   1.64024e-04       79791.3810     0099
   2.2906805   1.64417e-04       79791.3810     0099
   2.2906779   1.64812e-04       79791.3810     0099
   2.2906752   1.65208e-04       79791.3810     0099
   2.2906726   1.65605e-04       79791.3810     0099
   2.2906700   1.66004e-04       79791.3810     0099
   2.2906674   1.66404e-04       79791.3810     0099
   2.2906647   1.66805e-04       79791.3810     0099
   2.2906621   1.67208e-04       79791.3810     0099
   2.2906595   1.67612e-04       79791.3810     0099
   2.2906569   1.68017e-04       79791.3810     0099
   2.2906542   1.68424e-04       79791.3810     0099
   2.2906516   1.68832e-04       79791.3810     0099
   2.2906490   1.69241e-04       79791.3810     0099
   2.2906464   1.69652e-04       79791.3810     0099
   2.2906438   1.70064e-04       79791.3810     0099
   2.2906411   1.70477e-04       79791.3810     0099
   2.2906385   1.70892e-04       79791.3810     0099
   2.2906359   1.71309e-04       79791.3810     0099
   2.2906333   1.71726e-04       79791.3810     0099
   2.2906306   1.72145e-04       79791.3810     0099
   2.2906280   1.72566e-04       79791.3810     0099
   2.2906254   1.72987e-04       79791.3810     0099
   2.2906228   1.73411e-04       79791.3810     0099
   2.2906201   1.73835e-04       79791.3810     0099
   2.2906175   1.74262e-04       79791.3810     0099
   2.2906149   1.74689e-04       79791.3810     0099
   2.2906123   1.75118e-04       79791.3810     0099
   2.2906096   1.75549e-04       79791.3810     0099
   2.2906070   1.75980e-04       79791.3810     0099
   2.2906044   1.76414e-04       79791.3810     0099
   2.2906018   1.76849e-04       79791.3810     0099
   2.2905992   1.77285e-04       79791.3810     0099
   2.2905965   1.77723e-04       79791.3810     0099
   2.2905939   1.78162e-04       79791.3810     0099
   2.2905913   1.78603e-04       79791.3810     0099
   2.2905887   1.79045e-04       79791.3810     0099
   2.2905860   1.79489e-04       79791.3810     0099
   2.2905834   1.79934e-04       79791.3810     0099
   2.2905808   1.80381e-04       79791.3810     0099
   2.2905782   1.80829e-04       79791.3810     0099
   2.2905755   1.81279e-04       79791.3810     0099
   2.2905729   1.81730e-04       79791.3810     0099
   2.2905703   1.82183e-04       79791.3810     0099
   2.2905677   1.82638e-04       79791.3810     0099
   2.2905650   1.83094e-04       79791.3810     0099
   2.2905624   1.83551e-04       79791.3810     0099
   2.2905598   1.84010e-04       79791.3810     0099
   2.2905572   1.84471e-04       79791.3810     0099
   2.2905546   1.84933e-04       79791.3810     0099
   2.2905519   1.85397e-04       79791.3810     0099
   2.2905493   1.85863e-04       79791.3810     0099
   2.2905467   1.86330e-04       79791.3810     0099
   2.2905441   1.86799e-04       79791.3810     0099
   2.2905414   1.87269e-04       79791.3810     0099
   2.2905388   1.87741e-04       79791.3810     0099
   2.2905362   1.88215e-04       79791.3810     0099
   2.2905336   1.88690e-04       79791.3810     0099
   2.2905309   1.89167e-04       79791.3810     0099
   2.2905283   1.89645e-04       79791.3810     0099
   2.2905257   1.90126e-04       79791.3810     0099
   2.2905231   1.90608e-04       79791.3810     0099
   2.2905205   1.91091e-04       79791.3810     0099
   2.2905178   1.91576e-04       79791.3810     0099
   2.2905152   1.92063e-04       79791.3810     0099
   2.2905126   1.92552e-04       79791.3810     0099
   2.2905100   1.93042e-04       79791.3810     0099
   2.2905073   1.93534e-04       79791.3810     0099
   2.2905047   1.94028e-04       79791.3810     0099
   2.2905021   1.94524e-04       79791.3810     0099
   2.2904995   1.95021e-04       79791.3810     0099
   2.2904968   1.95520e-04       79791.3810     0099
   2.2904942   1.96021e-04       79791.3810     0099
   2.2904916   1.96523e-04       79791.3810     0099
   2.2904890   1.97028e-04       79791.3810     0099
   2.2904864   1.97534e-04       79791.3810     0099
   2.2904837   1.98041e-04       79791.3810     0099
   2.2904811   1.98551e-04       79791.3810     0099
   2.2904785   1.99063e-04       79791.3810     0099
   2.2904759   1.99576e-04       79791.3810     0099
   2.2904732   2.00091e-04       79791.3810     0099
   2.2904706   2.00608e-04       79791.3810     0099
   2.2904680   2.01127e-04       79791.3810     0099
   2.2904654   2.01647e-04       79791.3810     0099
   2.2904627   2.02170e-04       79791.3810     0099
   2.2904601   2.02694e-04       79791.3810     0099
   2.2904575   2.03220e-04       79791.3810     0099
   2.2904549   2.03748e-04       79791.3810     0099
   2.2904522   2.04278e-04       79791.3810     0099
   2.2904496   2.04810e-04       79791.3810     0099
   2.2904470   2.05344e-04       79791.3810     0099
   2.2904444   2.05879e-04       79791.3810     0099
   2.2904418   2.06417e-04       79791.3810     0099
   2.2904391   2.06956e-04       79791.3810     0099
   2.2904365   2.07498e-04       79791.3810     0099
   2.2904339   2.08041e-04       79791.3810     0099
   2.2904313   2.08586e-04       79791.3810     0099
   2.2904286   2.09134e-04       79791.3810     0099
   2.2904260   2.09683e-04       79791.3810     0099
   2.2904234   2.10234e-04       79791.3810     0099
   2.2904208   2.10787e-04       79791.3810     0099
   2.2904182   2.11343e-04       79791.3810     0099
   2.2904155   2.11900e-04       79791.3810     0099
   2.2904129   2.12459e-04       79791.3810     0099
   2.2904103   2.13021e-04       79791.3810     0099
   2.2904077   2.13584e-04       79791.3810     0099
   2.2904050   2.14149e-04       79791.3810     0099
   2.2904024   2.14717e-04       79791.3810     0099
   2.2903998   2.15286e-04       79791.3810     0099
   2.2903972   2.15858e-04       79791.3810     0099
   2.2903945   2.16432e-04       79791.3810     0099
   2.2903919   2.17007e-04       79791.3810     0099
   2.2903893   2.17921e-04       79791.3810     0099
   2.2903867   2.18502e-04       79791.3810     0099
   2.2903841   2.19086e-04       79791.3810     0099
   2.2903814   2.19672e-04       79791.3810     0099
   2.2903788   2.20260e-04       79791.3810     0099
   2.2903762   2.20850e-04       79791.3810     0099
   2.2903736   2.21442e-04       79791.3810     0099
   2.2903709   2.22036e-04       79791.3810     0099
   2.2903683   2.22633e-04       79791.3810     0099
   2.2903657   2.23232e-04       79791.3810     0099
   2.2903631   2.23833e-04       79791.3810     0099
   2.2903604   2.24436e-04       79791.3810     0099
   2.2903578   2.25042e-04       79791.3810     0099
   2.2903552   2.25650e-04       79791.3810     0099
   2.2903526   2.26260e-04       79791.3810     0099
   2.2903500   2.26872e-04       79791.3810     0099
   2.2903473   2.27487e-04       79791.3810     0099
   2.2903447   2.28104e-04       79791.3810     0099
   2.2903421   2.28723e-04       79791.3810     0099
   2.2903395   2.29345e-04       79791.3810     0099
   2.2903368   2.29969e-04       79791.3810     0099
   2.2903342   2.30595e-04       79791.3810     0099
   2.2903316   2.31224e-04       79791.3810     0099
   2.2903290   2.31855e-04       79791.3810     0099
   2.2903263   2.32488e-04       79791.3810     0099
   2.2903237   2.33124e-04       79791.3810     0099
   2.2903211   2.33762e-04       79791.3810     0099
   2.2903185   2.34403e-04       79791.3810     0099
   2.2903159   2.35046e-04       79791.3810     0099
   2.2903132   2.35691e-04       79791.3810     0099
   2.2903106   2.36339e-04       79791.3810     0099
   2.2903080   2.36990e-04       79791.3810     0099
   2.2903054   2.37642e-04       79791.3810     0099
   2.2903027   2.38298e-04       79791.3810     0099
   2.2903001   2.38956e-04       79791.3810     0099
   2.2902975   2.39616e-04       79791.3810     0099
   2.2902949   2.40279e-04       79791.3810     0099
   2.2902923   2.40944e-04       79791.3810     0099
   2.2902896   2.41612e-04       79791.3810     0099
   2.2902870   2.42283e-04       79791.3810     0099
   2.2902844   2.42956e-04       79791.3810     0099
   2.2902818   2.43632e-04       79791.3810     0099
   2.2902791   2.44310e-04       79791.3810     0099
   2.2902765   2.44991e-04       79791.3810     0099
   2.2902739   2.45674e-04       79791.3810     0099
   2.2902713   2.46361e-04       79791.3810     0099
   2.2902686   2.47049e-04       79791.3810     0099
   2.2902660   2.47741e-04       79791.3810     0099
   2.2902634   2.48435e-04       79791.3810     0099
   2.2902608   2.49132e-04       79791.3810     0099
   2.2902582   2.49832e-04       79791.3810     0099
   2.2902555   2.50534e-04       79791.3810     0099
   2.2902529   2.51239e-04       79791.3810     0099
   2.2902503   2.51947e-04       79791.3810     0099
   2.2902477   2.52658e-04       79791.3810     0099
   2.2902450   2.53371e-04       79791.3810     0099
   2.2902424   2.54087e-04       79791.3810     0099
   2.2902398   2.54806e-04       79791.3810     0099
   2.2902372   2.55528e-04       79791.3810     0099
   2.2902346   2.56253e-04       79791.3810     0099
   2.2902319   2.56980e-04       79791.3810     0099
   2.2902293   2.57711e-04       79791.3810     0099
   2.2902267   2.58444e-04       79791.3810     0099
   2.2902241   2.59180e-04       79791.3810     0099
   2.2902214   2.59919e-04       79791.3810     0099
   2.2902188   2.60661e-04       79791.3810     0099
   2.2902162   2.61406e-04       79791.3810     0099
   2.2902136   2.62154e-04       79791.3810     0099
   2.2902110   2.62905e-04       79791.3810     0099
   2.2902083   2.63659e-04       79791.3810     0099
   2.2902057   2.64416e-04       79791.3810     0099
   2.2902031   2.65176e-04       79791.3810     0099
   2.2902005   2.65939e-04       79791.3810     0099
   2.2901978   2.66705e-04       79791.3810     0099
   2.2901952   2.67474e-04       79791.3810     0099
   2.2901926   2.68247e-04       79791.3810     0099
   2.2901900   2.69022e-04       79791.3810     0099
   2.2901873   2.69801e-04       79791.3810     0099
   2.2901847   2.70582e-04       79791.3810     0099
   2.2901821   2.71367e-04       79791.3810     0099
   2.2901795   2.72317e-04       79791.3810     0099
   2.2901769   2.73109e-04       79791.3810     0099
   2.2901742   2.73905e-04       79791.3810     0099
   2.2901716   2.74703e-04       79791.3810     0099
   2.2901690   2.75505e-04       79791.3810     0099
   2.2901664   2.76310e-04       79791.3810     0099
   2.2901637   2.77119e-04       79791.3810     0099
   2.2901611   2.77930e-04       79791.3810     0099
   2.2901585   2.78745e-04       79791.3810     0099
   2.2901559   2.79564e-04       79791.3810     0099
   2.2901533   2.80386e-04       79791.3810     0099
   2.2901506   2.81211e-04       79791.3810     0099
   2.2901480   2.82039e-04       79791.3810     0099
   2.2901454   2.82871e-04       79791.3810     0099
   2.2901428   2.83707e-04       79791.3810     0099
   2.2901401   2.84546e-04       79791.3810     0099
   2.2901375   2.85388e-04       79791.3810     0099
   2.2901349   2.86234e-04       79791.3810     0099
   2.2901323   2.87084e-04       79791.3810     0099
   2.2901297   2.87937e-04       79791.3810     0099
   2.2901270   2.88794e-04       79791.3810     0099
   2.2901244   2.89654e-04       79791.3810     0099
   2.2901218   2.90518e-04       79791.3810     0099
   2.2901192   2.91385e-04       79791.3810     0099
   2.2901165   2.92256e-04       79791.3810     0099
   2.2901139   2.93131e-04       79791.3810     0099
   2.2901113   2.94009e-04       79791.3810     0099
   2.2901087   2.94892e-04       79791.3810     0099
   2.2901061   2.95778e-04       79791.3810     0099
   2.2901034   2.96667e-04       79791.3810     0099
   2.2901008   2.97561e-04       79791.3810     0099
   2.2900982   2.98458e-04       79791.3810     0099
   2.2900956   2.99359e-04       79791.3810     0099
   2.2900929   3.00264e-04       79791.3810     0099
   2.2900903   3.01173e-04       79791.3810     0099
   2.2900877   3.02086e-04       79791.3810     0099
   2.2900851   3.03003e-04       79791.3810     0099
   2.2900825   3.03923e-04       79791.3810     0099
   2.2900798   3.04848e-04       79791.3810     0099
   2.2900772   3.05776e-04       79791.3810     0099
   2.2900746   3.06709e-04       79791.3810     0099
   2.2900720   3.07646e-04       79791.3810     0099
   2.2900693   3.08586e-04       79791.3810     0099
   2.2900667   3.09531e-04       79791.3810     0099
   2.2900641   3.10480e-04       79791.3810     0099
   2.2900615   3.11433e-04       79791.3810     0099
   2.2900589   3.12391e-04       79791.3810     0099
   2.2900562   3.13352e-04       79791.3810     0099
   2.2900536   3.14318e-04       79791.3810     0099
   2.2900510   3.15288e-04       79791.3810     0099
   2.2900484   3.16262e-04       79791.3810     0099
   2.2900457   3.17240e-04       79791.3810     0099
   2.2900431   3.18223e-04       79791.3810     0099
   2.2900405   3.19210e-04       79791.3810     0099
   2.2900379   3.20202e-04       79791.3810     0099
   2.2900353   3.21198e-04       79791.3810     0099
   2.2900326   3.22198e-04       79791.3810     0099
   2.2900300   3.23203e-04       79791.3810     0099
   2.2900274   3.24213e-04       79791.3810     0099
   2.2900248   3.25227e-04       79791.3810     0099
   2.2900221   3.26245e-04       79791.3810     0099
   2.2900195   3.27268e-04       79791.3810     0099
   2.2900169   3.28296e-04       79791.3810     0099
   2.2900143   3.29328e-04       79791.3810     0099
   2.2900117   3.30365e-04       79791.3810     0099
   2.2900090   3.31717e-04       79791.3810     0099
   2.2900064   3.32766e-04       79791.3810     0099
   2.2900038   3.33819e-04       79791.3810     0099
   2.2900012   3.34877e-04       79791.3810     0099
   2.2899985   3.35940e-04       79791.3810     0099
   2.2899959   3.37008e-04       79791.3810     0099
   2.2899933   3.38081e-04       79791.3810     0099
   2.2899907   3.39158e-04       79791.3810     0099
   2.2899881   3.40241e-04       79791.3810     0099
   2.2899854   3.41328e-04       79791.3810     0099
   2.2899828   3.42421e-04       79791.3810     0099
   2.2899802   3.43519e-04       79791.3810     0099
   2.2899776   3.44622e-04       79791.3810     0099
   2.2899749   3.45730e-04       79791.3810     0099
   2.2899723   3.46843e-04       79791.3810     0099
   2.2899697   3.47961e-04       79791.3810     0099
   2.2899671   3.49085e-04       79791.3810     0099
   2.2899645   3.50214e-04       79791.3810     0099
   2.2899618   3.51348e-04       79791.3810     0099
   2.2899592   3.52487e-04       79791.3810     0099
   2.2899566   3.53632e-04       79791.3810     0099
   2.2899540   3.54783e-04       79791.3810     0099
   2.2899513   3.55939e-04       79791.3810     0099
   2.2899487   3.57100e-04       79791.3810     0099
   2.2899461   3.58267e-04       79791.3810     0099
   2.2899435   3.59440e-04       79791.3810     0099
   2.2899409   3.60618e-04       79791.3810     0099
   2.2899382   3.61802e-04       79791.3810     0099
   2.2899356   3.62991e-04       79791.3810     0099
   2.2899330   3.64187e-04       79791.3810     0099
   2.2899304   3.65388e-04       79791.3810     0099
   2.2899278   3.66595e-04       79791.3810     0099
   2.2899251   3.67807e-04       79791.3810     0099
   2.2899225   3.69026e-04       79791.3810     0099
   2.2899199   3.70251e-04       79791.3810     0099
   2.2899173   3.71481e-04       79791.3810     0099
   2.2899146   3.72718e-04       79791.3810     0099
   2.2899120   3.73961e-04       79791.3810     0099
   2.2899094   3.75210e-04       79791.3810     0099
   2.2899068   3.76465e-04       79791.3810     0099
   2.2899042   3.77726e-04       79791.3810     0099
   2.2899015   3.78994e-04       79791.3810     0099
   2.2898989   3.80267e-04       79791.3810     0099
   2.2898963   3.81548e-04       79791.3810     0099
   2.2898937   3.82834e-04       79791.3810     0099
   2.2898910   3.84127e-04       79791.3810     0099
   2.2898884   3.85427e-04       79791.3810     0099
   2.2898858   3.86733e-04       79791.3810     0099
   2.2898832   3.88046e-04       79791.3810     0099
   2.2898806   3.89365e-04       79791.3810     0099
   2.2898779   3.90691e-04       79791.3810     0099
   2.2898753   3.92024e-04       79791.3810     0099
   2.2898727   3.93364e-04       79791.3810     0099
   2.2898701   3.94710e-04       79791.3810     0099
   2.2898675   3.96214e-04       79791.3810     0099
   2.2898648   3.97575e-04       79791.3810     0099
   2.2898622   3.98944e-04       79791.3810     0099
   2.2898596   4.00319e-04       79791.3810     0099
   2.2898570   4.01702e-04       79791.3810     0099
   2.2898543   4.03092e-04       79791.3810     0099
   2.2898517   4.04489e-04       79791.3810     0099
   2.2898491   4.05894e-04       79791.3810     0099
   2.2898465   4.07306e-04       79791.3810     0099
   2.2898439   4.08725e-04       79791.3810     0099
   2.2898412   4.10152e-04       79791.3810     0099
   2.2898386   4.11587e-04       79791.3810     0099
   2.2898360   4.13028e-04       79791.3810     0099
   2.2898334   4.14478e-04       79791.3810     0099
   2.2898307   4.15936e-04       79791.3810     0099
   2.2898281   4.17401e-04       79791.3810     0099
   2.2898255   4.18874e-04       79791.3810     0099
   2.2898229   4.20355e-04       79791.3810     0099
   2.2898203   4.21844e-04       79791.3810     0099
   2.2898176   4.23340e-04       79791.3810     0099
   2.2898150   4.24845e-04       79791.3810     0099
   2.2898124   4.26359e-04       79791.3810     0099
   2.2898098   4.27880e-04       79791.3810     0099
   2.2898072   4.29410e-04       79791.3810     0099
   2.2898045   4.30948e-04       79791.3810     0099
   2.2898019   4.32495e-04       79791.3810     0099
   2.2897993   4.34050e-04       79791.3810     0099
   2.2897967   4.35614e-04       79791.3810     0099
   2.2897940   4.37186e-04       79791.3810     0099
   2.2897914   4.38767e-04       79791.3810     0099
   2.2897888   4.40357e-04       79791.3810     0099
   2.2897862   4.41956e-04       79791.3810     0099
   2.2897836   4.43564e-04       79791.3810     0099
   2.2897809   4.45181e-04       79791.3810     0099
   2.2897783   4.46807e-04       79791.3810     0099
   2.2897757   4.48442e-04       79791.3810     0099
   2.2897731   4.50087e-04       79791.3810     0099
   2.2897705   4.51741e-04       79791.3810     0099
   2.2897678   4.53404e-04       79791.3810     0099
   2.2897652   4.55077e-04       79791.3810     0099
   2.2897626   4.56760e-04       79791.3810     0099
   2.2897600   4.58452e-04       79791.3810     0099
   2.2897573   4.60154e-04       79791.3810     0099
   2.2897547   4.61866e-04       79791.3810     0099
   2.2897521   4.63588e-04       79791.3810     0099
   2.2897495   4.65610e-04       79791.3810     0099
   2.2897469   4.67355e-04       79791.3810     0099
   2.2897442   4.69110e-04       79791.3810     0099
   2.2897416   4.70875e-04       79791.3810     0099
   2.2897390   4.72651e-04       79791.3810     0099
   2.2897364   4.74438e-04       79791.3810     0099
   2.2897337   4.76235e-04       79791.3810     0099
   2.2897311   4.78044e-04       79791.3810     0099
   2.2897285   4.79863e-04       79791.3810     0099
   2.2897259   4.81692e-04       79791.3810     0099
   2.2897233   4.83533e-04       79791.3810     0099
   2.2897206   4.85386e-04       79791.3810     0099
   2.2897180   4.87249e-04       79791.3810     0099
   2.2897154   4.89124e-04       79791.3810     0099
   2.2897128   4.91011e-04       79791.3810     0099
   2.2897102   4.92909e-04       79791.3810     0099
   2.2897075   4.94818e-04       79791.3810     0099
   2.2897049   4.96740e-04       79791.3810     0099
   2.2897023   4.98674e-04       79791.3810     0099
   2.2896997   5.00619e-04       79791.3810     0099
   2.2896971   5.02577e-04       79791.3810     0099
   2.2896944   5.04548e-04       79791.3810     0099
   2.2896918   5.06530e-04       79791.3810     0099
   2.2896892   5.08526e-04       79791.3810     0099
   2.2896866   5.10534e-04       79791.3810     0099
   2.2896839   5.12554e-04       79791.3810     0099
   2.2896813   5.14588e-04       79791.3810     0099
   2.2896787   5.16635e-04       79791.3810     0099
   2.2896761   5.18695e-04       79791.3810     0099
   2.2896735   5.20769e-04       79791.3810     0099
   2.2896708   5.22856e-04       79791.3810     0099
   2.2896682   5.24957e-04       79791.3810     0099
   2.2896656   5.27071e-04       79791.3810     0099
   2.2896630   5.29200e-04       79791.3810     0099
   2.2896604   5.31343e-04       79791.3810     0099
   2.2896577   5.33499e-04       79791.3810     0099
   2.2896551   5.35671e-04       79791.3810     0099
   2.2896525   5.37857e-04       79791.3810     0099
   2.2896499   5.40057e-04       79791.3810     0099
   2.2896472   5.42273e-04       79791.3810     0099
   2.2896446   5.44503e-04       79791.3810     0099
   2.2896420   5.46749e-04       79791.3810     0099
   2.2896394   5.49010e-04       79791.3810     0099
   2.2896368   5.51287e-04       79791.3810     0099
   2.2896341   5.53579e-04       79791.3810     0099
   2.2896315   5.55888e-04       79791.3810     0099
   2.2896289   5.58212e-04       79791.3810     0099
   2.2896263   5.60553e-04       79791.3810     0099
   2.2896237   5.62910e-04       79791.3810     0099
   2.2896210   5.65284e-04       79791.3810     0099
   2.2896184   5.67675e-04       79791.3810     0099
   2.2896158   5.70083e-04       79791.3810     0099
   2.2896132   5.72508e-04       79791.3810     0099
   2.2896105   5.74951e-04       79791.3810     0099
   2.2896079   5.77411e-04       79791.3810     0099
   2.2896053   5.79890e-04       79791.3810     0099
   2.2896027   5.82386e-04       79791.3810     0099
   2.2896001   5.84901e-04       79791.3810     0099
   2.2895974   5.87434e-04       79791.3810     0099
   2.2895948   5.89987e-04       79791.3810     0099
   2.2895922   5.92558e-04       79791.3810     0099
   2.2895896   5.95148e-04       79791.3810     0099
   2.2895870   5.97759e-04       79791.3810     0099
   2.2895843   6.00388e-04       79791.3810     0099
   2.2895817   6.03038e-04       79791.3810     0099
   2.2895791   6.05709e-04       79791.3810     0099
   2.2895765   6.08569e-04       79791.3810     0099
   2.2895739   6.11283e-04       79791.3810     0099
   2.2895712   6.14019e-04       79791.3810     0099
   2.2895686   6.16776e-04       79791.3810     0099
   2.2895660   6.19555e-04       79791.3810     0099
   2.2895634   6.22355e-04       79791.3810     0099
   2.2895607   6.25179e-04       79791.3810     0099
   2.2895581   6.28025e-04       79791.3810     0099
   2.2895555   6.30894e-04       79791.3810     0099
   2.2895529   6.33786e-04       79791.3810     0099
   2.2895503   6.36702e-04       79791.3810     0099
   2.2895476   6.39642e-04       79791.3810     0099
   2.2895450   6.42607e-04       79791.3810     0099
   2.2895424   6.45596e-04       79791.3810     0099
   2.2895398   6.48610e-04       79791.3810     0099
   2.2895372   6.51650e-04       79791.3810     0099
   2.2895345   6.54716e-04       79791.3810     0099
   2.2895319   6.57808e-04       79791.3810     0099
   2.2895293   6.60927e-04       79791.3810     0099
   2.2895267   6.64073e-04       79791.3810     0099
   2.2895241   6.67247e-04       79791.3810     0099
   2.2895214   6.70448e-04       79791.3810     0099
   2.2895188   6.73678e-04       79791.3810     0099
   2.2895162   6.76937e-04       79791.3810     0099
   2.2895136   6.80226e-04       79791.3810     0099
   2.2895109   6.83872e-04       79791.3810     0099
   2.2895083   6.87226e-04       79791.3810     0099
   2.2895057   6.90612e-04       79791.3810     0099
   2.2895031   6.94029e-04       79791.3810     0099
   2.2895005   6.97478e-04       79791.3810     0099
   2.2894978   7.00960e-04       79791.3810     0099
   2.2894952   7.04475e-04       79791.3810     0099
   2.2894926   7.08025e-04       79791.3810     0099
   2.2894900   7.11609e-04       79791.3810     0099
   2.2894874   7.15228e-04       79791.3810     0099
   2.2894847   7.18882e-04       79791.3810     0099
   2.2894821   7.22574e-04       79791.3810     0099
   2.2894795   7.26302e-04       79791.3810     0099
   2.2894769   7.30069e-04       79791.3810     0099
   2.2894743   7.33874e-04       79791.3810     0099
   2.2894716   7.37719e-04       79791.3810     0099
   2.2894690   7.41603e-04       79791.3810     0099
   2.2894664   7.45529e-04       79791.3810     0099
   2.2894638   7.49497e-04       79791.3810     0099
   2.2894612   7.53507e-04       79791.3810     0099
   2.2894585   7.57719e-04       79791.3810     0099
   2.2894559   7.61821e-04       79791.3810     0099
   2.2894533   7.65969e-04       79791.3810     0099
   2.2894507   7.70163e-04       79791.3810     0099
   2.2894480   7.74405e-04       79791.3810     0099
   2.2894454   7.78695e-04       79791.3810     0099
   2.2894428   7.83036e-04       79791.3810     0099
   2.2894402   7.87427e-04       79791.3810     0099
   2.2894376   7.91871e-04       79791.3810     0099
   2.2894349   7.96368e-04       79791.3810     0099
   2.2894323   8.00919e-04       79791.3810     0099
   2.2894297   8.05527e-04       79791.3810     0099
   2.2894271   8.10191e-04       79791.3810     0099
   2.2894245   8.14915e-04       79791.3810     0099
   2.2894218   8.19698e-04       79791.3810     0099
   2.2894192   8.24544e-04       79791.3810     0099
   2.2894166   8.29452e-04       79791.3810     0099
   2.2894140   8.34731e-04       79791.3810     0099
   2.2894114   8.39779e-04       79791.3810     0099
   2.2894087   8.44896e-04       79791.3810     0099
   2.2894061   8.50083e-04       79791.3810     0099
   2.2894035   8.55343e-04       79791.3810     0099
   2.2894009   8.60677e-04       79791.3810     0099
   2.2893983   8.66088e-04       79791.3810     0099
   2.2893956   8.71578e-04       79791.3810     0099
   2.2893930   8.77149e-04       79791.3810     0099
   2.2893904   8.82803e-04       79791.3810     0099
   2.2893878   8.88543e-04       79791.3810     0099
   2.2893852   8.94372e-04       79791.3810     0099
   2.2893825   9.00292e-04       79791.3810     0099
   2.2893799   9.06306e-04       79791.3810     0099
   2.2893773   9.12565e-04       79791.3810     0099
   2.2893747   9.18781e-04       79791.3810     0099
   2.2893720   9.25100e-04       79791.3810     0099
   2.2893694   9.31527e-04       79791.3810     0099
   2.2893668   9.38064e-04       79791.3810     0099
   2.2893642   9.44716e-04       79791.3810     0099
   2.2893616   9.51486e-04       79791.3810     0099
   2.2893589   9.58378e-04       79791.3810     0099
   2.2893563   9.65397e-04       79791.3810     0099
   2.2893537   9.72894e-04       79791.3810     0099
   2.2893511   9.80195e-04       79791.3810     0099
   2.2893485   9.87638e-04       79791.3810     0099
   2.2893458   9.95228e-04       79791.3810     0099
   2.2893432   1.00297e-03       79791.3810     0099
   2.2893406   1.01112e-03       79791.3810     0099
   2.2893380   1.01920e-03       79791.3810     0099
   2.2893354   1.02746e-03       79791.3810     0099
   2.2893327   1.03589e-03       79791.3810     0099
   2.2893301   1.04454e-03       79791.3810     0099
   2.2893275   1.05337e-03       79791.3810     0099
   2.2893249   1.06240e-03       79791.3810     0099
   2.2893223   1.07165e-03       79791.3810     0099
   2.2893196   1.08113e-03       79791.3810     0099
   2.2893170   1.09085e-03       79791.3810     0099
   2.2893144   1.10082e-03       79791.3810     0099
   2.2893118   1.11105e-03       79791.3810     0099
   2.2893092   1.12156e-03       79791.3810     0099
   2.2893065   1.13237e-03       79791.3810     0099
   2.2893039   1.14349e-03       79791.3810     0099
   2.2893013   1.15494e-03       79791.3810     0099
   2.2892987   1.16674e-03       79791.3810     0099
   2.2892961   1.17891e-03       79791.3810     0099
   2.2892934   1.19148e-03       79791.3810     0099
   2.2892908   1.20448e-03       79791.3810     0099
   2.2892882   1.21793e-03       79791.3810     0099
   2.2892856   1.23187e-03       79791.3810     0099
   2.2892830   1.24633e-03       79791.3810     0099
   2.2892803   1.26136e-03       79791.3810     0099
   2.2892777   1.27700e-03       79791.3810     0099
   2.2892751   1.29330e-03       79791.3810     0099
   2.2892725   1.31032e-03       79791.3810     0099
   2.2892698   1.32813e-03       79791.3810     0099
   2.2892672   1.34680e-03       79791.3810     0099
   2.2892646   1.36642e-03       79791.3810     0099
   2.2892620   1.38708e-03       79791.3810     0099
   2.2892594   1.40891e-03       79791.3810     0099
   2.2892567   1.43203e-03       79791.3810     0099
   2.2892541   1.45660e-03       79791.3810     0099
   2.2892515   1.48283e-03       79791.3810     0099
   2.2892489   1.51094e-03       79791.3810     0099
   2.2892463   1.54123e-03       79791.3810     0099
   2.2892436   1.57407e-03       79791.3810     0099
   2.2892410   1.60996e-03       79791.3810     0099
   2.2892384   1.64954e-03       79791.3810     0099
   2.2892358   1.69370e-03       79791.3810     0099
   2.2892332   1.74376e-03       79791.3810     0099
   2.2892305   1.80147e-03       79791.3810     0099
   2.2892279   1.86943e-03       79791.3810     0099
   2.2892253   1.95112e-03       79791.3810     0099
   2.2892227   2.05021e-03       79791.3810     0099
   2.2892201   2.16708e-03       79791.3810     0099
   2.2892174   2.29181e-03       79791.3810     0099
   2.2892148   2.39900e-03       79791.3810     0099
   2.2892122   2.45432e-03       79791.3810     0099
   2.2892096   2.43580e-03       79791.3810     0099
   2.2892070   2.35112e-03       79791.3810     0099
   2.2892043   2.23128e-03       79791.3810     0099
   2.2892017   2.10821e-03       79791.3810     0099
   2.2891991   1.99960e-03       79791.3810     0099
   2.2891965   1.90936e-03       79791.3810     0099
   2.2891939   1.83485e-03       79791.3810     0099
   2.2891912   1.77227e-03       79791.3810     0099
   2.2891886   1.71855e-03       79791.3810     0099
   2.2891860   1.67154e-03       79791.3810     0099
   2.2891834   1.62975e-03       79791.3810     0099
   2.2891808   1.59206e-03       79791.3810     0099
   2.2891781   1.55773e-03       79791.3810     0099
   2.2891755   1.52618e-03       79791.3810     0099
   2.2891729   1.49700e-03       79791.3810     0099
   2.2891703   1.46984e-03       79791.3810     0099
   2.2891677   1.44444e-03       79791.3810     0099
   2.2891650   1.42060e-03       79791.3810     0099
   2.2891624   1.39812e-03       79791.3810     0099
   2.2891598   1.37688e-03       79791.3810     0099
   2.2891572   1.35674e-03       79791.3810     0099
   2.2891546   1.33759e-03       79791.3810     0099
   2.2891519   1.31935e-03       79791.3810     0099
   2.2891493   1.30193e-03       79791.3810     0099
   2.2891467   1.28527e-03       79791.3810     0099
   2.2891441   1.26930e-03       79791.3810     0099
   2.2891415   1.25397e-03       79791.3810     0099
   2.2891388   1.23922e-03       79791.3810     0099
   2.2891362   1.22502e-03       79791.3810     0099
   2.2891336   1.21132e-03       79791.3810     0099
   2.2891310   1.19810e-03       79791.3810     0099
   2.2891284   1.18531e-03       79791.3810     0099
   2.2891257   1.17294e-03       79791.3810     0099
   2.2891231   1.16095e-03       79791.3810     0099
   2.2891205   1.14932e-03       79791.3810     0099
   2.2891179   1.13803e-03       79791.3810     0099
   2.2891153   1.12707e-03       79791.3810     0099
   2.2891126   1.11641e-03       79791.3810     0099
   2.2891100   1.10603e-03       79791.3810     0099
   2.2891074   1.09593e-03       79791.3810     0099
   2.2891048   1.08608e-03       79791.3810     0099
   2.2891022   1.07648e-03       79791.3810     0099
   2.2890995   1.06712e-03       79791.3810     0099
   2.2890969   1.05797e-03       79791.3810     0099
   2.2890943   1.04904e-03       79791.3810     0099
   2.2890917   1.04029e-03       79791.3810     0099
   2.2890891   1.03176e-03       79791.3810     0099
   2.2890864   1.02341e-03       79791.3810     0099
   2.2890838   1.01524e-03       79791.3810     0099
   2.2890812   1.00724e-03       79791.3810     0099
   2.2890786   9.99181e-04       79791.3810     0099
   2.2890760   9.91513e-04       79791.3810     0099
   2.2890733   9.83995e-04       79791.3810     0099
   2.2890707   9.76622e-04       79791.3810     0099
   2.2890681   9.69389e-04       79791.3810     0099
   2.2890655   9.61963e-04       79791.3810     0099
   2.2890629   9.55006e-04       79791.3810     0099
   2.2890602   9.48173e-04       79791.3810     0099
   2.2890576   9.41462e-04       79791.3810     0099
   2.2890550   9.34866e-04       79791.3810     0099
   2.2890524   9.28383e-04       79791.3810     0099
   2.2890498   9.22009e-04       79791.3810     0099
   2.2890471   9.15741e-04       79791.3810     0099
   2.2890445   9.09574e-04       79791.3810     0099
   2.2890419   9.03365e-04       79791.3810     0099
   2.2890393   8.97397e-04       79791.3810     0099
   2.2890367   8.91522e-04       79791.3810     0099
   2.2890340   8.85737e-04       79791.3810     0099
   2.2890314   8.80039e-04       79791.3810     0099
   2.2890288   8.74425e-04       79791.3810     0099
   2.2890262   8.68894e-04       79791.3810     0099
   2.2890236   8.63443e-04       79791.3810     0099
   2.2890209   8.58070e-04       79791.3810     0099
   2.2890183   8.52772e-04       79791.3810     0099
   2.2890157   8.47548e-04       79791.3810     0099
   2.2890131   8.42395e-04       79791.3810     0099
   2.2890105   8.37312e-04       79791.3810     0099
   2.2890078   8.31995e-04       79791.3810     0099
   2.2890052   8.27053e-04       79791.3810     0099
   2.2890026   8.22176e-04       79791.3810     0099
   2.2890000   8.17361e-04       79791.3810     0099
   2.2889974   8.12607e-04       79791.3810     0099
   2.2889947   8.07912e-04       79791.3810     0099
   2.2889921   8.03276e-04       79791.3810     0099
   2.2889895   7.98696e-04       79791.3810     0099
   2.2889869   7.94171e-04       79791.3810     0099
   2.2889843   7.89700e-04       79791.3810     0099
   2.2889816   7.85282e-04       79791.3810     0099
   2.2889790   7.80916e-04       79791.3810     0099
   2.2889764   7.76600e-04       79791.3810     0099
   2.2889738   7.72333e-04       79791.3810     0099
   2.2889712   7.68114e-04       79791.3810     0099
   2.2889685   7.63943e-04       79791.3810     0099
   2.2889659   7.59817e-04       79791.3810     0099
   2.2889633   7.55582e-04       79791.3810     0099
   2.2889607   7.51549e-04       79791.3810     0099
   2.2889581   7.47559e-04       79791.3810     0099
   2.2889554   7.43612e-04       79791.3810     0099
   2.2889528   7.39706e-04       79791.3810     0099
   2.2889502   7.35841e-04       79791.3810     0099
   2.2889476   7.32016e-04       79791.3810     0099
   2.2889450   7.28230e-04       79791.3810     0099
   2.2889423   7.24482e-04       79791.3810     0099
   2.2889397   7.20771e-04       79791.3810     0099
   2.2889371   7.17098e-04       79791.3810     0099
   2.2889345   7.13461e-04       79791.3810     0099
   2.2889319   7.09859e-04       79791.3810     0099
   2.2889293   7.06292e-04       79791.3810     0099
   2.2889266   7.02759e-04       79791.3810     0099
   2.2889240   6.99260e-04       79791.3810     0099
   2.2889214   6.95794e-04       79791.3810     0099
   2.2889188   6.92360e-04       79791.3810     0099
   2.2889162   6.88959e-04       79791.3810     0099
   2.2889135   6.85588e-04       79791.3810     0099
   2.2889109   6.81924e-04       79791.3810     0099
   2.2889083   6.78620e-04       79791.3810     0099
   2.2889057   6.75346e-04       79791.3810     0099
   2.2889031   6.72102e-04       79791.3810     0099
   2.2889004   6.68885e-04       79791.3810     0099
   2.2888978   6.65698e-04       79791.3810     0099
   2.2888952   6.62537e-04       79791.3810     0099
   2.2888926   6.59405e-04       79791.3810     0099
   2.2888900   6.56299e-04       79791.3810     0099
   2.2888873   6.53220e-04       79791.3810     0099
   2.2888847   6.50166e-04       79791.3810     0099
   2.2888821   6.47139e-04       79791.3810     0099
   2.2888795   6.44137e-04       79791.3810     0099
   2.2888769   6.41160e-04       79791.3810     0099
   2.2888742   6.38207e-04       79791.3810     0099
   2.2888716   6.35279e-04       79791.3810     0099
   2.2888690   6.32374e-04       79791.3810     0099
   2.2888664   6.29493e-04       79791.3810     0099
   2.2888638   6.26636e-04       79791.3810     0099
   2.2888611   6.23801e-04       79791.3810     0099
   2.2888585   6.20988e-04       79791.3810     0099
   2.2888559   6.18198e-04       79791.3810     0099
   2.2888533   6.15430e-04       79791.3810     0099
   2.2888507   6.12684e-04       79791.3810     0099
   2.2888480   6.09959e-04       79791.3810     0099
   2.2888454   6.07087e-04       79791.3810     0099
   2.2888428   6.04406e-04       79791.3810     0099
   2.2888402   6.01745e-04       79791.3810     0099
   2.2888376   5.99105e-04       79791.3810     0099
   2.2888349   5.96485e-04       79791.3810     0099
   2.2888323   5.93884e-04       79791.3810     0099
   2.2888297   5.91303e-04       79791.3810     0099
   2.2888271   5.88741e-04       79791.3810     0099
   2.2888245   5.86198e-04       79791.3810     0099
   2.2888219   5.83674e-04       79791.3810     0099
   2.2888192   5.81168e-04       79791.3810     0099
   2.2888166   5.78680e-04       79791.3810     0099
   2.2888140   5.76211e-04       79791.3810     0099
   2.2888114   5.73759e-04       79791.3810     0099
   2.2888088   5.71325e-04       79791.3810     0099
   2.2888061   5.68908e-04       79791.3810     0099
   2.2888035   5.66509e-04       79791.3810     0099
   2.2888009   5.64126e-04       79791.3810     0099
   2.2887983   5.61760e-04       79791.3810     0099
   2.2887957   5.59411e-04       79791.3810     0099
   2.2887930   5.57078e-04       79791.3810     0099
   2.2887904   5.54762e-04       79791.3810     0099
   2.2887878   5.52461e-04       79791.3810     0099
   2.2887852   5.50176e-04       79791.3810     0099
   2.2887826   5.47907e-04       79791.3810     0099
   2.2887799   5.45653e-04       79791.3810     0099
   2.2887773   5.43415e-04       79791.3810     0099
   2.2887747   5.41192e-04       79791.3810     0099
   2.2887721   5.38984e-04       79791.3810     0099
   2.2887695   5.36790e-04       79791.3810     0099
   2.2887668   5.34611e-04       79791.3810     0099
   2.2887642   5.32447e-04       79791.3810     0099
   2.2887616   5.30297e-04       79791.3810     0099
   2.2887590   5.28162e-04       79791.3810     0099
   2.2887564   5.26040e-04       79791.3810     0099
   2.2887538   5.23932e-04       79791.3810     0099
   2.2887511   5.21838e-04       79791.3810     0099
   2.2887485   5.19757e-04       79791.3810     0099
   2.2887459   5.17690e-04       79791.3810     0099
   2.2887433   5.15637e-04       79791.3810     0099
   2.2887407   5.13596e-04       79791.3810     0099
   2.2887380   5.11569e-04       79791.3810     0099
   2.2887354   5.09554e-04       79791.3810     0099
   2.2887328   5.07552e-04       79791.3810     0099
   2.2887302   5.05563e-04       79791.3810     0099
   2.2887276   5.03586e-04       79791.3810     0099
   2.2887249   5.01622e-04       79791.3810     0099
   2.2887223   4.99670e-04       79791.3810     0099
   2.2887197   4.97730e-04       79791.3810     0099
   2.2887171   4.95803e-04       79791.3810     0099
   2.2887145   4.93887e-04       79791.3810     0099
   2.2887118   4.91983e-04       79791.3810     0099
   2.2887092   4.90090e-04       79791.3810     0099
   2.2887066   4.88210e-04       79791.3810     0099
   2.2887040   4.86340e-04       79791.3810     0099
   2.2887014   4.84482e-04       79791.3810     0099
   2.2886987   4.82635e-04       79791.3810     0099
   2.2886961   4.80800e-04       79791.3810     0099
   2.2886935   4.78975e-04       79791.3810     0099
   2.2886909   4.77162e-04       79791.3810     0099
   2.2886883   4.75359e-04       79791.3810     0099
   2.2886857   4.73567e-04       79791.3810     0099
   2.2886830   4.71785e-04       79791.3810     0099
   2.2886804   4.70014e-04       79791.3810     0099
   2.2886778   4.68254e-04       79791.3810     0099
   2.2886752   4.66504e-04       79791.3810     0099
   2.2886726   4.64764e-04       79791.3810     0099
   2.2886699   4.62748e-04       79791.3810     0099
   2.2886673   4.61031e-04       79791.3810     0099
   2.2886647   4.59324e-04       79791.3810     0099
   2.2886621   4.57626e-04       79791.3810     0099
   2.2886595   4.55939e-04       79791.3810     0099
   2.2886568   4.54261e-04       79791.3810     0099
   2.2886542   4.52593e-04       79791.3810     0099
   2.2886516   4.50934e-04       79791.3810     0099
   2.2886490   4.49285e-04       79791.3810     0099
   2.2886464   4.47645e-04       79791.3810     0099
   2.2886437   4.46014e-04       79791.3810     0099
   2.2886411   4.44392e-04       79791.3810     0099
   2.2886385   4.42780e-04       79791.3810     0099
   2.2886359   4.41176e-04       79791.3810     0099
   2.2886333   4.39582e-04       79791.3810     0099
   2.2886307   4.37996e-04       79791.3810     0099
   2.2886280   4.36419e-04       79791.3810     0099
   2.2886254   4.34851e-04       79791.3810     0099
   2.2886228   4.33292e-04       79791.3810     0099
   2.2886202   4.31741e-04       79791.3810     0099
   2.2886176   4.30198e-04       79791.3810     0099
   2.2886149   4.28664e-04       79791.3810     0099
   2.2886123   4.27138e-04       79791.3810     0099
   2.2886097   4.25621e-04       79791.3810     0099
   2.2886071   4.24111e-04       79791.3810     0099
   2.2886045   4.22610e-04       79791.3810     0099
   2.2886018   4.21117e-04       79791.3810     0099
   2.2885992   4.19632e-04       79791.3810     0099
   2.2885966   4.18155e-04       79791.3810     0099
   2.2885940   4.16686e-04       79791.3810     0099
   2.2885914   4.15225e-04       79791.3810     0099
   2.2885888   4.13771e-04       79791.3810     0099
   2.2885861   4.12325e-04       79791.3810     0099
   2.2885835   4.10887e-04       79791.3810     0099
   2.2885809   4.09456e-04       79791.3810     0099
   2.2885783   4.08033e-04       79791.3810     0099
   2.2885757   4.06617e-04       79791.3810     0099
   2.2885730   4.05209e-04       79791.3810     0099
   2.2885704   4.03808e-04       79791.3810     0099
   2.2885678   4.02414e-04       79791.3810     0099
   2.2885652   4.01028e-04       79791.3810     0099
   2.2885626   3.99648e-04       79791.3810     0099
   2.2885599   3.98276e-04       79791.3810     0099
   2.2885573   3.96911e-04       79791.3810     0099
   2.2885547   3.95404e-04       79791.3810     0099
   2.2885521   3.94054e-04       79791.3810     0099
   2.2885495   3.92710e-04       79791.3810     0099
   2.2885469   3.91374e-04       79791.3810     0099
   2.2885442   3.90045e-04       79791.3810     0099
   2.2885416   3.88722e-04       79791.3810     0099
   2.2885390   3.87406e-04       79791.3810     0099
   2.2885364   3.86096e-04       79791.3810     0099
   2.2885338   3.84793e-04       79791.3810     0099
   2.2885311   3.83497e-04       79791.3810     0099
   2.2885285   3.82207e-04       79791.3810     0099
   2.2885259   3.80923e-04       79791.3810     0099
   2.2885233   3.79646e-04       79791.3810     0099
   2.2885207   3.78375e-04       79791.3810     0099
   2.2885180   3.77111e-04       79791.3810     0099
   2.2885154   3.75853e-04       79791.3810     0099
   2.2885128   3.74601e-04       79791.3810     0099
   2.2885102   3.73355e-04       79791.3810     0099
   2.2885076   3.72115e-04       79791.3810     0099
   2.2885050   3.70881e-04       79791.3810     0099
   2.2885023   3.69653e-04       79791.3810     0099
   2.2884997   3.68432e-04       79791.3810     0099
   2.2884971   3.67216e-04       79791.3810     0099
   2.2884945   3.66006e-04       79791.3810     0099
   2.2884919   3.64802e-04       79791.3810     0099
   2.2884892   3.63604e-04       79791.3810     0099
   2.2884866   3.62411e-04       79791.3810     0099
   2.2884840   3.61224e-04       79791.3810     0099
   2.2884814   3.60043e-04       79791.3810     0099
   2.2884788   3.58868e-04       79791.3810     0099
   2.2884761   3.57698e-04       79791.3810     0099
   2.2884735   3.56534e-04       79791.3810     0099
   2.2884709   3.55375e-04       79791.3810     0099
   2.2884683   3.54222e-04       79791.3810     0099
   2.2884657   3.53074e-04       79791.3810     0099
   2.2884631   3.51932e-04       79791.3810     0099
   2.2884604   3.50795e-04       79791.3810     0099
   2.2884578   3.49663e-04       79791.3810     0099
   2.2884552   3.48537e-04       79791.3810     0099
   2.2884526   3.47416e-04       79791.3810     0099
   2.2884500   3.46300e-04       79791.3810     0099
   2.2884473   3.45189e-04       79791.3810     0099
   2.2884447   3.44084e-04       79791.3810     0099
   2.2884421   3.42983e-04       79791.3810     0099
   2.2884395   3.41888e-04       79791.3810     0099
   2.2884369   3.40798e-04       79791.3810     0099
   2.2884343   3.39713e-04       79791.3810     0099
   2.2884316   3.38633e-04       79791.3810     0099
   2.2884290   3.37557e-04       79791.3810     0099
   2.2884264   3.36487e-04       79791.3810     0099
   2.2884238   3.35422e-04       79791.3810     0099
   2.2884212   3.34361e-04       79791.3810     0099
   2.2884185   3.33306e-04       79791.3810     0099
   2.2884159   3.32255e-04       79791.3810     0099
   2.2884133   3.30899e-04       79791.3810     0099
   2.2884107   3.29859e-04       79791.3810     0099
   2.2884081   3.28825e-04       79791.3810     0099
   2.2884055   3.27795e-04       79791.3810     0099
   2.2884028   3.26769e-04       79791.3810     0099
   2.2884002   3.25748e-04       79791.3810     0099
   2.2883976   3.24732e-04       79791.3810     0099
   2.2883950   3.23721e-04       79791.3810     0099
   2.2883924   3.22713e-04       79791.3810     0099
   2.2883897   3.21711e-04       79791.3810     0099
   2.2883871   3.20712e-04       79791.3810     0099
   2.2883845   3.19719e-04       79791.3810     0099
   2.2883819   3.18729e-04       79791.3810     0099
   2.2883793   3.17744e-04       79791.3810     0099
   2.2883766   3.16763e-04       79791.3810     0099
   2.2883740   3.15787e-04       79791.3810     0099
   2.2883714   3.14815e-04       79791.3810     0099
   2.2883688   3.13847e-04       79791.3810     0099
   2.2883662   3.12883e-04       79791.3810     0099
   2.2883636   3.11924e-04       79791.3810     0099
   2.2883609   3.10969e-04       79791.3810     0099
   2.2883583   3.10018e-04       79791.3810     0099
   2.2883557   3.09071e-04       79791.3810     0099
   2.2883531   3.08128e-04       79791.3810     0099
   2.2883505   3.07189e-04       79791.3810     0099
   2.2883478   3.06254e-04       79791.3810     0099
   2.2883452   3.05324e-04       79791.3810     0099
   2.2883426   3.04397e-04       79791.3810     0099
   2.2883400   3.03474e-04       79791.3810     0099
   2.2883374   3.02556e-04       79791.3810     0099
   2.2883348   3.01641e-04       79791.3810     0099
   2.2883321   3.00730e-04       79791.3810     0099
   2.2883295   2.99823e-04       79791.3810     0099
   2.2883269   2.98920e-04       79791.3810     0099
   2.2883243   2.98021e-04       79791.3810     0099
   2.2883217   2.97125e-04       79791.3810     0099
   2.2883190   2.96233e-04       79791.3810     0099
   2.2883164   2.95346e-04       79791.3810     0099
   2.2883138   2.94461e-04       79791.3810     0099
   2.2883112   2.93581e-04       79791.3810     0099
   2.2883086   2.92704e-04       79791.3810     0099
   2.2883060   2.91831e-04       79791.3810     0099
   2.2883033   2.90962e-04       79791.3810     0099
   2.2883007   2.90096e-04       79791.3810     0099
   2.2882981   2.89234e-04       79791.3810     0099
   2.2882955   2.88376e-04       79791.3810     0099
   2.2882929   2.87521e-04       79791.3810     0099
   2.2882902   2.86670e-04       79791.3810     0099
   2.2882876   2.85822e-04       79791.3810     0099
   2.2882850   2.84978e-04       79791.3810     0099
   2.2882824   2.84137e-04       79791.3810     0099
   2.2882798   2.83300e-04       79791.3810     0099
   2.2882772   2.82466e-04       79791.3810     0099
   2.2882745   2.81635e-04       79791.3810     0099
   2.2882719   2.80809e-04       79791.3810     0099
   2.2882693   2.79985e-04       79791.3810     0099
   2.2882667   2.79165e-04       79791.3810     0099
   2.2882641   2.78348e-04       79791.3810     0099
   2.2882614   2.77535e-04       79791.3810     0099
   2.2882588   2.76724e-04       79791.3810     0099
   2.2882562   2.75918e-04       79791.3810     0099
   2.2882536   2.75114e-04       79791.3810     0099
   2.2882510   2.74314e-04       79791.3810     0099
   2.2882484   2.73517e-04       79791.3810     0099
   2.2882457   2.72723e-04       79791.3810     0099
   2.2882431   2.71933e-04       79791.3810     0099
   2.2882405   2.70985e-04       79791.3810     0099
   2.2882379   2.70201e-04       79791.3810     0099
   2.2882353   2.69421e-04       79791.3810     0099
   2.2882326   2.68644e-04       79791.3810     0099
   2.2882300   2.67870e-04       79791.3810     0099
   2.2882274   2.67099e-04       79791.3810     0099
   2.2882248   2.66332e-04       79791.3810     0099
   2.2882222   2.65567e-04       79791.3810     0099
   2.2882196   2.64806e-04       79791.3810     0099
   2.2882169   2.64047e-04       79791.3810     0099
   2.2882143   2.63292e-04       79791.3810     0099
   2.2882117   2.62539e-04       79791.3810     0099
   2.2882091   2.61790e-04       79791.3810     0099
   2.2882065   2.61043e-04       79791.3810     0099
   2.2882039   2.60299e-04       79791.3810     0099
   2.2882012   2.59559e-04       79791.3810     0099
   2.2881986   2.58821e-04       79791.3810     0099
   2.2881960   2.58086e-04       79791.3810     0099
   2.2881934   2.57354e-04       79791.3810     0099
   2.2881908   2.56625e-04       79791.3810     0099
   2.2881881   2.55899e-04       79791.3810     0099
   2.2881855   2.55176e-04       79791.3810     0099
   2.2881829   2.54456e-04       79791.3810     0099
   2.2881803   2.53738e-04       79791.3810     0099
   2.2881777   2.53023e-04       79791.3810     0099
   2.2881751   2.52311e-04       79791.3810     0099
   2.2881724   2.51602e-04       79791.3810     0099
   2.2881698   2.50895e-04       79791.3810     0099
   2.2881672   2.50192e-04       79791.3810     0099
   2.2881646   2.49491e-04       79791.3810     0099
   2.2881620   2.48792e-04       79791.3810     0099
   2.2881593   2.48097e-04       79791.3810     0099
   2.2881567   2.47404e-04       79791.3810     0099
   2.2881541   2.46714e-04       79791.3810     0099
   2.2881515   2.46026e-04       79791.3810     0099
   2.2881489   2.45341e-04       79791.3810     0099
   2.2881463   2.44659e-04       79791.3810     0099
   2.2881436   2.43979e-04       79791.3810     0099
   2.2881410   2.43302e-04       79791.3810     0099
   2.2881384   2.42628e-04       79791.3810     0099
   2.2881358   2.41956e-04       79791.3810     0099
   2.2881332   2.41287e-04       79791.3810     0099
   2.2881306   2.40620e-04       79791.3810     0099
   2.2881279   2.39956e-04       79791.3810     0099
   2.2881253   2.39294e-04       79791.3810     0099
   2.2881227   2.38635e-04       79791.3810     0099
   2.2881201   2.37978e-04       79791.3810     0099
   2.2881175   2.37324e-04       79791.3810     0099
   2.2881148   2.36673e-04       79791.3810     0099
   2.2881122   2.36023e-04       79791.3810     0099
   2.2881096   2.35377e-04       79791.3810     0099
   2.2881070   2.34732e-04       79791.3810     0099
   2.2881044   2.34091e-04       79791.3810     0099
   2.2881018   2.33451e-04       79791.3810     0099
   2.2880991   2.32814e-04       79791.3810     0099
   2.2880965   2.32180e-04       79791.3810     0099
   2.2880939   2.31547e-04       79791.3810     0099
   2.2880913   2.30917e-04       79791.3810     0099
   2.2880887   2.30290e-04       79791.3810     0099
   2.2880861   2.29665e-04       79791.3810     0099
   2.2880834   2.29042e-04       79791.3810     0099
   2.2880808   2.28422e-04       79791.3810     0099
   2.2880782   2.27803e-04       79791.3810     0099
   2.2880756   2.27187e-04       79791.3810     0099
   2.2880730   2.26574e-04       79791.3810     0099
   2.2880703   2.25963e-04       79791.3810     0099
   2.2880677   2.25354e-04       79791.3810     0099
   2.2880651   2.24747e-04       79791.3810     0099
   2.2880625   2.24142e-04       79791.3810     0099
   2.2880599   2.23540e-04       79791.3810     0099
   2.2880573   2.22940e-04       79791.3810     0099
   2.2880546   2.22342e-04       79791.3810     0099
   2.2880520   2.21747e-04       79791.3810     0099
   2.2880494   2.21153e-04       79791.3810     0099
   2.2880468   2.20562e-04       79791.3810     0099
   2.2880442   2.19973e-04       79791.3810     0099
   2.2880416   2.19386e-04       79791.3810     0099
   2.2880389   2.18801e-04       79791.3810     0099
   2.2880363   2.18219e-04       79791.3810     0099
   2.2880337   2.17304e-04       79791.3810     0099
   2.2880311   2.16727e-04       79791.3810     0099
   2.2880285   2.16152e-04       79791.3810     0099
   2.2880258   2.15579e-04       79791.3810     0099
   2.2880232   2.15009e-04       79791.3810     0099
   2.2880206   2.14440e-04       79791.3810     0099
   2.2880180   2.13874e-04       79791.3810     0099
   2.2880154   2.13309e-04       79791.3810     0099
   2.2880128   2.12747e-04       79791.3810     0099
   2.2880101   2.12187e-04       79791.3810     0099
   2.2880075   2.11628e-04       79791.3810     0099
   2.2880049   2.11072e-04       79791.3810     0099
   2.2880023   2.10518e-04       79791.3810     0099
   2.2879997   2.09965e-04       79791.3810     0099
   2.2879971   2.09415e-04       79791.3810     0099
   2.2879944   2.08867e-04       79791.3810     0099
   2.2879918   2.08321e-04       79791.3810     0099
   2.2879892   2.07776e-04       79791.3810     0099
   2.2879866   2.07234e-04       79791.3810     0099
   2.2879840   2.06693e-04       79791.3810     0099
   2.2879813   2.06155e-04       79791.3810     0099
   2.2879787   2.05618e-04       79791.3810     0099
   2.2879761   2.05083e-04       79791.3810     0099
   2.2879735   2.04551e-04       79791.3810     0099
   2.2879709   2.04020e-04       79791.3810     0099
   2.2879683   2.03491e-04       79791.3810     0099
   2.2879656   2.02964e-04       79791.3810     0099
   2.2879630   2.02438e-04       79791.3810     0099
   2.2879604   2.01915e-04       79791.3810     0099
   2.2879578   2.01393e-04       79791.3810     0099
   2.2879552   2.00874e-04       79791.3810     0099
   2.2879526   2.00356e-04       79791.3810     0099
   2.2879499   1.99840e-04       79791.3810     0099
   2.2879473   1.99326e-04       79791.3810     0099
   2.2879447   1.98813e-04       79791.3810     0099
   2.2879421   1.98303e-04       79791.3810     0099
   2.2879395   1.97794e-04       79791.3810     0099
   2.2879369   1.97287e-04       79791.3810     0099
   2.2879342   1.96782e-04       79791.3810     0099
   2.2879316   1.96278e-04       79791.3810     0099
   2.2879290   1.95777e-04       79791.3810     0099
   2.2879264   1.95277e-04       79791.3810     0099
   2.2879238   1.94779e-04       79791.3810     0099
   2.2879211   1.94282e-04       79791.3810     0099
   2.2879185   1.93787e-04       79791.3810     0099
   2.2879159   1.93295e-04       79791.3810     0099
   2.2879133   1.92803e-04       79791.3810     0099
   2.2879107   1.92314e-04       79791.3810     0099
   2.2879081   1.91826e-04       79791.3810     0099
   2.2879054   1.91340e-04       79791.3810     0099
   2.2879028   1.90855e-04       79791.3810     0099
   2.2879002   1.90373e-04       79791.3810     0099
   2.2878976   1.89892e-04       79791.3810     0099
   2.2878950   1.89412e-04       79791.3810     0099
   2.2878924   1.88934e-04       79791.3810     0099
   2.2878897   1.88458e-04       79791.3810     0099
   2.2878871   1.87984e-04       79791.3810     0099
   2.2878845   1.87511e-04       79791.3810     0099
   2.2878819   1.87040e-04       79791.3810     0099
   2.2878793   1.86570e-04       79791.3810     0099
   2.2878767   1.86102e-04       79791.3810     0099
   2.2878740   1.85636e-04       79791.3810     0099
   2.2878714   1.85171e-04       79791.3810     0099
   2.2878688   1.84708e-04       79791.3810     0099
   2.2878662   1.84247e-04       79791.3810     0099
   2.2878636   1.83787e-04       79791.3810     0099
   2.2878610   1.83328e-04       79791.3810     0099
   2.2878583   1.82871e-04       79791.3810     0099
   2.2878557   1.82416e-04       79791.3810     0099
   2.2878531   1.81962e-04       79791.3810     0099
   2.2878505   1.81510e-04       79791.3810     0099
   2.2878479   1.81060e-04       79791.3810     0099
   2.2878453   1.80610e-04       79791.3810     0099
   2.2878426   1.80163e-04       79791.3810     0099
   2.2878400   1.79717e-04       79791.3810     0099
   2.2878374   1.79272e-04       79791.3810     0099
   2.2878348   1.78829e-04       79791.3810     0099
   2.2878322   1.78388e-04       79791.3810     0099
   2.2878295   1.77948e-04       79791.3810     0099
   2.2878269   1.77509e-04       79791.3810     0099
   2.2878243   1.77072e-04       79791.3810     0099
   2.2878217   1.76637e-04       79791.3810     0099
   2.2878191   1.76203e-04       79791.3810     0099
   2.2878165   1.75770e-04       79791.3810     0099
   2.2878138   1.75339e-04       79791.3810     0099
   2.2878112   1.74909e-04       79791.3810     0099
   2.2878086   1.74481e-04       79791.3810     0099
   2.2878060   1.74054e-04       79791.3810     0099
