#wvl [um]      Flux [erg/s/cm]
2.290950745    41723.6788        
2.29094812     41723.6127        
2.290945496    41723.5466        
2.290942872    41723.4805        
2.290940248    41723.4144        
2.290937623    41723.3483        
2.290934999    41723.2822        
2.290932375    41723.2161        
2.290929751    41723.15          
2.290927127    41723.0839        
2.290924503    41723.0177        
2.290921878    41722.9516        
2.290919254    41722.8855        
2.29091663     41722.8194        
2.290914006    41722.7533        
2.290911382    41722.6872        
2.290908758    41722.6211        
2.290906134    41722.555         
2.290903509    41722.4889        
2.290900885    41722.4227        
2.290898261    41722.3566        
2.290895637    41722.2905        
2.290893013    41722.2244        
2.290890389    41722.1583        
2.290887765    41722.0922        
2.290885141    41722.0261        
2.290882517    41721.96          
2.290879893    41721.8939        
2.290877269    41721.8278        
2.290874644    41721.7616        
2.29087202     41721.6955        
2.290869396    41721.6294        
2.290866772    41721.5633        
2.290864148    41721.4972        
2.290861524    41721.4311        
2.2908589      41721.365         
2.290856276    41721.2989        
2.290853652    41721.2328        
2.290851028    41721.1666        
2.290848404    41721.1005        
2.29084578     41721.0344        
2.290843156    41720.9683        
2.290840532    41720.9022        
2.290837908    41720.8361        
2.290835284    41720.77          
2.29083266     41720.7039        
2.290830036    41720.6377        
2.290827412    41720.5716        
2.290824789    41720.5055        
2.290822165    41720.4394        
2.290819541    41720.3733        
2.290816917    41720.3072        
2.290814293    41720.2411        
2.290811669    41720.175         
2.290809045    41720.1088        
2.290806421    41720.0427        
2.290803797    41719.9766        
2.290801173    41719.9105        
2.290798549    41719.8444        
2.290795926    41719.7783        
2.290793302    41719.7122        
2.290790678    41719.6461        
2.290788054    41719.5799        
2.29078543     41719.5138        
2.290782806    41719.4477        
2.290780182    41719.3816        
2.290777559    41719.3155        
2.290774935    41719.2494        
2.290772311    41719.1833        
2.290769687    41719.1172        
2.290767063    41719.051         
2.29076444     41718.9849        
2.290761816    41718.9188        
2.290759192    41718.8527        
2.290756568    41718.7866        
2.290753944    41718.7205        
2.290751321    41718.6544        
2.290748697    41718.5883        
2.290746073    41718.5221        
2.290743449    41718.456         
2.290740826    41718.3899        
2.290738202    41718.3238        
2.290735578    41718.2577        
2.290732954    41718.1916        
2.290730331    41718.1255        
2.290727707    41718.0593        
2.290725083    41717.9932        
2.29072246     41717.9271        
2.290719836    41717.861         
2.290717212    41717.7949        
2.290714588    41717.7288        
2.290711965    41717.6627        
2.290709341    41717.5965        
2.290706717    41717.5304        
2.290704094    41717.4643        
2.29070147     41717.3982        
2.290698846    41717.3321        
2.290696223    41717.266         
2.290693599    41717.1999        
2.290690975    41717.1338        
2.290688352    41717.0676        
2.290685728    41717.0015        
2.290683105    41716.9354        
2.290680481    41716.8693        
2.290677857    41716.8032        
2.290675234    41716.7371        
2.29067261     41716.6709        
2.290669987    41716.6048        
2.290667363    41716.5387        
2.290664739    41716.4726        
2.290662116    41716.4065        
2.290659492    41716.3404        
2.290656869    41716.2743        
2.290654245    41716.2081        
2.290651622    41716.142         
2.290648998    41716.0759        
2.290646375    41716.0098        
2.290643751    41715.9437        
2.290641128    41715.8776        
2.290638504    41715.8115        
2.290635881    41715.7453        
2.290633257    41715.6792        
2.290630634    41715.6131        
2.29062801     41715.547         
2.290625387    41715.4809        
2.290622763    41715.4148        
2.29062014     41715.3486        
2.290617516    41715.2825        
2.290614893    41715.2164        
2.290612269    41715.1503        
2.290609646    41715.0842        
2.290607022    41715.0181        
2.290604399    41714.952         
2.290601775    41714.8858        
2.290599152    41714.8197        
2.290596529    41714.7536        
2.290593905    41714.6875        
2.290591282    41714.6214        
2.290588658    41714.5553        
2.290586035    41714.4891        
2.290583412    41714.423         
2.290580788    41714.3569        
2.290578165    41714.2908        
2.290575541    41714.2247        
2.290572918    41714.1586        
2.290570295    41714.0924        
2.290567671    41714.0263        
2.290565048    41713.9602        
2.290562425    41713.8941        
2.290559801    41713.828         
2.290557178    41713.7619        
2.290554555    41713.6957        
2.290551931    41713.6296        
2.290549308    41713.5635        
2.290546685    41713.4974        
2.290544061    41713.4313        
2.290541438    41713.3652        
2.290538815    41713.299         
2.290536192    41713.2329        
2.290533568    41713.1668        
2.290530945    41713.1007        
2.290528322    41713.0346        
2.290525699    41712.9685        
2.290523075    41712.9023        
2.290520452    41712.8362        
2.290517829    41712.7701        
2.290515206    41712.704         
2.290512582    41712.6379        
2.290509959    41712.5718        
2.290507336    41712.5056        
2.290504713    41712.4395        
2.29050209     41712.3734        
2.290499466    41712.3073        
2.290496843    41712.2412        
2.29049422     41712.175         
2.290491597    41712.1089        
2.290488974    41712.0428        
2.29048635     41711.9767        
2.290483727    41711.9106        
2.290481104    41711.8445        
2.290478481    41711.7783        
2.290475858    41711.7122        
2.290473235    41711.6461        
2.290470612    41711.58          
2.290467988    41711.5139        
2.290465365    41711.4478        
2.290462742    41711.3816        
2.290460119    41711.3155        
2.290457496    41711.2494        
2.290454873    41711.1833        
2.29045225     41711.1172        
2.290449627    41711.051         
2.290447004    41710.9849        
2.290444381    41710.9188        
2.290441758    41710.8527        
2.290439134    41710.7866        
2.290436511    41710.7204        
2.290433888    41710.6543        
2.290431265    41710.5882        
2.290428642    41710.5221        
2.290426019    41710.456         
2.290423396    41710.3899        
2.290420773    41710.3237        
2.29041815     41710.2576        
2.290415527    41710.1915        
2.290412904    41710.1254        
2.290410281    41710.0593        
2.290407658    41709.9931        
2.290405035    41709.927         
2.290402412    41709.8609        
2.290399789    41709.7948        
2.290397166    41709.7287        
2.290394543    41709.6625        
2.29039192     41709.5964        
2.290389297    41709.5303        
2.290386675    41709.4642        
2.290384052    41709.3981        
2.290381429    41709.3319        
2.290378806    41709.2658        
2.290376183    41709.1997        
2.29037356     41709.1336        
2.290370937    41709.0675        
2.290368314    41709.0013        
2.290365691    41708.9352        
2.290363068    41708.8691        
2.290360445    41708.803         
2.290357823    41708.7369        
2.2903552      41708.6707        
2.290352577    41708.6046        
2.290349954    41708.5385        
2.290347331    41708.4724        
2.290344708    41708.4063        
2.290342085    41708.3401        
2.290339463    41708.274         
2.29033684     41708.2079        
2.290334217    41708.1418        
2.290331594    41708.0757        
2.290328971    41708.0095        
2.290326349    41707.9434        
2.290323726    41707.8773        
2.290321103    41707.8112        
2.29031848     41707.7451        
2.290315857    41707.6789        
2.290313235    41707.6128        
2.290310612    41707.5467        
2.290307989    41707.4806        
2.290305366    41707.4145        
2.290302744    41707.3483        
2.290300121    41707.2822        
2.290297498    41707.2161        
2.290294875    41707.15          
2.290292253    41707.0838        
2.29028963     41707.0177        
2.290287007    41706.9516        
2.290284385    41706.8855        
2.290281762    41706.8194        
2.290279139    41706.7532        
2.290276517    41706.6871        
2.290273894    41706.621         
2.290271271    41706.5549        
2.290268649    41706.4888        
2.290266026    41706.4226        
2.290263403    41706.3565        
2.290260781    41706.2904        
2.290258158    41706.2243        
2.290255535    41706.1581        
2.290252913    41706.092         
2.29025029     41706.0259        
2.290247667    41705.9598        
2.290245045    41705.8937        
2.290242422    41705.8275        
2.2902398      41705.7614        
2.290237177    41705.6953        
2.290234554    41705.6292        
2.290231932    41705.563         
2.290229309    41705.4969        
2.290226687    41705.4308        
2.290224064    41705.3647        
2.290221442    41705.2986        
2.290218819    41705.2324        
2.290216196    41705.1663        
2.290213574    41705.1002        
2.290210951    41705.0341        
2.290208329    41704.9679        
2.290205706    41704.9018        
2.290203084    41704.8357        
2.290200461    41704.7696        
2.290197839    41704.7035        
2.290195216    41704.6373        
2.290192594    41704.5712        
2.290189971    41704.5051        
2.290187349    41704.439         
2.290184726    41704.3728        
2.290182104    41704.3067        
2.290179481    41704.2406        
2.290176859    41704.1745        
2.290174236    41704.1083        
2.290171614    41704.0422        
2.290168992    41703.9761        
2.290166369    41703.91          
2.290163747    41703.8439        
2.290161124    41703.7777        
2.290158502    41703.7116        
2.290155879    41703.6455        
2.290153257    41703.5794        
2.290150635    41703.5132        
2.290148012    41703.4471        
2.29014539     41703.381         
2.290142768    41703.3149        
2.290140145    41703.2487        
2.290137523    41703.1826        
2.2901349      41703.1165        
2.290132278    41703.0504        
2.290129656    41702.9842        
2.290127033    41702.9181        
2.290124411    41702.852         
2.290121789    41702.7859        
2.290119166    41702.7197        
2.290116544    41702.6536        
2.290113922    41702.5875        
2.290111299    41702.5214        
2.290108677    41702.4553        
2.290106055    41702.3891        
2.290103433    41702.323         
2.29010081     41702.2569        
2.290098188    41702.1908        
2.290095566    41702.1246        
2.290092943    41702.0585        
2.290090321    41701.9924        
2.290087699    41701.9263        
2.290085077    41701.8601        
2.290082454    41701.794         
2.290079832    41701.7279        
2.29007721     41701.6618        
2.290074588    41701.5956        
2.290071966    41701.5295        
2.290069343    41701.4634        
2.290066721    41701.3973        
2.290064099    41701.3311        
2.290061477    41701.265         
2.290058855    41701.1989        
2.290056232    41701.1328        
2.29005361     41701.0666        
2.290050988    41701.0005        
2.290048366    41700.9344        
2.290045744    41700.8683        
2.290043122    41700.8021        
2.290040499    41700.736         
2.290037877    41700.6699        
2.290035255    41700.6038        
2.290032633    41700.5376        
2.290030011    41700.4715        
2.290027389    41700.4054        
2.290024767    41700.3392        
2.290022145    41700.2731        
2.290019522    41700.207         
2.2900169      41700.1409        
2.290014278    41700.0747        
2.290011656    41700.0086        
2.290009034    41699.9425        
2.290006412    41699.8764        
2.29000379     41699.8102        
2.290001168    41699.7441        
2.289998546    41699.678         
2.289995924    41699.6119        
2.289993302    41699.5457        
2.28999068     41699.4796        
2.289988058    41699.4135        
2.289985436    41699.3474        
2.289982814    41699.2812        
2.289980192    41699.2151        
2.28997757     41699.149         
2.289974948    41699.0828        
2.289972326    41699.0167        
2.289969704    41698.9506        
2.289967082    41698.8845        
2.28996446     41698.8183        
2.289961838    41698.7522        
2.289959216    41698.6861        
2.289956594    41698.62          
2.289953972    41698.5538        
2.28995135     41698.4877        
2.289948728    41698.4216        
2.289946106    41698.3555        
2.289943484    41698.2893        
2.289940862    41698.2232        
2.28993824     41698.1571        
2.289935618    41698.0909        
2.289932997    41698.0248        
2.289930375    41697.9587        
2.289927753    41697.8926        
2.289925131    41697.8264        
2.289922509    41697.7603        
2.289919887    41697.6942        
2.289917265    41697.6281        
2.289914643    41697.5619        
2.289912022    41697.4958        
2.2899094      41697.4297        
2.289906778    41697.3635        
2.289904156    41697.2974        
2.289901534    41697.2313        
2.289898912    41697.1652        
2.289896291    41697.099         
2.289893669    41697.0329        
2.289891047    41696.9668        
2.289888425    41696.9006        
2.289885803    41696.8345        
2.289883182    41696.7684        
2.28988056     41696.7023        
2.289877938    41696.6361        
2.289875316    41696.57          
2.289872695    41696.5039        
2.289870073    41696.4377        
2.289867451    41696.3716        
2.289864829    41696.3055        
2.289862208    41696.2394        
2.289859586    41696.1732        
2.289856964    41696.1071        
2.289854342    41696.041         
2.289851721    41695.9748        
2.289849099    41695.9087        
2.289846477    41695.8426        
2.289843856    41695.7765        
2.289841234    41695.7103        
2.289838612    41695.6442        
2.28983599     41695.5781        
2.289833369    41695.5119        
2.289830747    41695.4458        
2.289828126    41695.3797        
2.289825504    41695.3136        
2.289822882    41695.2474        
2.289820261    41695.1813        
2.289817639    41695.1152        
2.289815017    41695.049         
2.289812396    41694.9829        
2.289809774    41694.9168        
2.289807152    41694.8506        
2.289804531    41694.7845        
2.289801909    41694.7184        
2.289799288    41694.6523        
2.289796666    41694.5861        
2.289794044    41694.52          
2.289791423    41694.4539        
2.289788801    41694.3877        
2.28978618     41694.3216        
2.289783558    41694.2555        
2.289780937    41694.1893        
2.289778315    41694.1232        
2.289775694    41694.0571        
2.289773072    41693.991         
2.289770451    41693.9248        
2.289767829    41693.8587        
2.289765207    41693.7926        
2.289762586    41693.7264        
2.289759964    41693.6603        
2.289757343    41693.5942        
2.289754721    41693.528         
2.2897521      41693.4619        
2.289749479    41693.3958        
2.289746857    41693.3297        
2.289744236    41693.2635        
2.289741614    41693.1974        
2.289738993    41693.1313        
2.289736371    41693.0651        
2.28973375     41692.999         
2.289731128    41692.9329        
2.289728507    41692.8667        
2.289725885    41692.8006        
2.289723264    41692.7345        
2.289720643    41692.6683        
2.289718021    41692.6022        
2.2897154      41692.5361        
2.289712778    41692.47          
2.289710157    41692.4038        
2.289707536    41692.3377        
2.289704914    41692.2716        
2.289702293    41692.2054        
2.289699672    41692.1393        
2.28969705     41692.0732        
2.289694429    41692.007         
2.289691807    41691.9409        
2.289689186    41691.8748        
2.289686565    41691.8086        
2.289683943    41691.7425        
2.289681322    41691.6764        
2.289678701    41691.6102        
2.28967608     41691.5441        
2.289673458    41691.478         
2.289670837    41691.4118        
2.289668216    41691.3457        
2.289665594    41691.2796        
2.289662973    41691.2135        
2.289660352    41691.1473        
2.289657731    41691.0812        
2.289655109    41691.0151        
2.289652488    41690.9489        
2.289649867    41690.8828        
2.289647245    41690.8167        
2.289644624    41690.7505        
2.289642003    41690.6844        
2.289639382    41690.6183        
2.289636761    41690.5521        
2.289634139    41690.486         
2.289631518    41690.4199        
2.289628897    41690.3537        
2.289626276    41690.2876        
2.289623655    41690.2215        
2.289621033    41690.1553        
2.289618412    41690.0892        
2.289615791    41690.0231        
2.28961317     41689.9569        
2.289610549    41689.8908        
2.289607928    41689.8247        
2.289605306    41689.7585        
2.289602685    41689.6924        
2.289600064    41689.6263        
2.289597443    41689.5601        
2.289594822    41689.494         
2.289592201    41689.4279        
2.28958958     41689.3617        
2.289586959    41689.2956        
2.289584337    41689.2295        
2.289581716    41689.1633        
2.289579095    41689.0972        
2.289576474    41689.0311        
2.289573853    41688.9649        
2.289571232    41688.8988        
2.289568611    41688.8327        
2.28956599     41688.7665        
2.289563369    41688.7004        
2.289560748    41688.6343        
2.289558127    41688.5681        
2.289555506    41688.502         
2.289552885    41688.4359        
2.289550264    41688.3697        
2.289547643    41688.3036        
2.289545022    41688.2375        
2.289542401    41688.1713        
2.28953978     41688.1052        
2.289537159    41688.0391        
2.289534538    41687.9729        
2.289531917    41687.9068        
2.289529296    41687.8407        
2.289526675    41687.7745        
2.289524054    41687.7084        
2.289521433    41687.6423        
2.289518812    41687.5761        
2.289516191    41687.51          
2.28951357     41687.4438        
2.289510949    41687.3777        
2.289508328    41687.3116        
2.289505707    41687.2454        
2.289503086    41687.1793        
2.289500465    41687.1132        
2.289497844    41687.047         
2.289495224    41686.9809        
2.289492603    41686.9148        
2.289489982    41686.8486        
2.289487361    41686.7825        
2.28948474     41686.7164        
2.289482119    41686.6502        
2.289479498    41686.5841        
2.289476877    41686.518         
2.289474257    41686.4518        
2.289471636    41686.3857        
2.289469015    41686.3196        
2.289466394    41686.2534        
2.289463773    41686.1873        
2.289461152    41686.1211        
2.289458532    41686.055         
2.289455911    41685.9889        
2.28945329     41685.9227        
2.289450669    41685.8566        
2.289448048    41685.7905        
2.289445428    41685.7243        
2.289442807    41685.6582        
2.289440186    41685.5921        
2.289437565    41685.5259        
2.289434945    41685.4598        
2.289432324    41685.3937        
2.289429703    41685.3275        
2.289427082    41685.2614        
2.289424462    41685.1952        
2.289421841    41685.1291        
2.28941922     41685.063         
2.289416599    41684.9968        
2.289413979    41684.9307        
2.289411358    41684.8646        
2.289408737    41684.7984        
2.289406117    41684.7323        
2.289403496    41684.6662        
2.289400875    41684.6           
2.289398255    41684.5339        
2.289395634    41684.4677        
2.289393013    41684.4016        
2.289390393    41684.3355        
2.289387772    41684.2693        
2.289385151    41684.2032        
2.289382531    41684.1371        
2.28937991     41684.0709        
2.289377289    41684.0048        
2.289374669    41683.9386        
2.289372048    41683.8725        
2.289369428    41683.8064        
2.289366807    41683.7402        
2.289364186    41683.6741        
2.289361566    41683.608         
2.289358945    41683.5418        
2.289356325    41683.4757        
2.289353704    41683.4096        
2.289351083    41683.3434        
2.289348463    41683.2773        
2.289345842    41683.2111        
2.289343222    41683.145         
2.289340601    41683.0789        
2.289337981    41683.0127        
2.28933536     41682.9466        
2.28933274     41682.8805        
2.289330119    41682.8143        
2.289327499    41682.7482        
2.289324878    41682.682         
2.289322258    41682.6159        
2.289319637    41682.5498        
2.289317017    41682.4836        
2.289314396    41682.4175        
2.289311776    41682.3513        
2.289309155    41682.2852        
2.289306535    41682.2191        
2.289303914    41682.1529        
2.289301294    41682.0868        
2.289298673    41682.0207        
2.289296053    41681.9545        
2.289293432    41681.8884        
2.289290812    41681.8222        
2.289288192    41681.7561        
2.289285571    41681.69          
2.289282951    41681.6238        
2.28928033     41681.5577        
2.28927771     41681.4915        
2.28927509     41681.4254        
2.289272469    41681.3593        
2.289269849    41681.2931        
2.289267228    41681.227         
2.289264608    41681.1609        
2.289261988    41681.0947        
2.289259367    41681.0286        
2.289256747    41680.9624        
2.289254127    41680.8963        
2.289251506    41680.8302        
2.289248886    41680.764         
2.289246266    41680.6979        
2.289243645    41680.6317        
2.289241025    41680.5656        
2.289238405    41680.4995        
2.289235784    41680.4333        
2.289233164    41680.3672        
2.289230544    41680.301         
2.289227924    41680.2349        
2.289225303    41680.1688        
2.289222683    41680.1026        
2.289220063    41680.0365        
2.289217442    41679.9703        
2.289214822    41679.9042        
2.289212202    41679.8381        
2.289209582    41679.7719        
2.289206961    41679.7058        
2.289204341    41679.6396        
2.289201721    41679.5735        
2.289199101    41679.5074        
2.289196481    41679.4412        
2.28919386     41679.3751        
2.28919124     41679.3089        
2.28918862     41679.2428        
2.289186       41679.1767        
2.28918338     41679.1105        
2.289180759    41679.0444        
2.289178139    41678.9782        
2.289175519    41678.9121        
2.289172899    41678.846         
2.289170279    41678.7798        
2.289167659    41678.7137        
2.289165038    41678.6475        
2.289162418    41678.5814        
2.289159798    41678.5153        
2.289157178    41678.4491        
2.289154558    41678.383         
2.289151938    41678.3168        
2.289149318    41678.2507        
2.289146698    41678.1846        
2.289144078    41678.1184        
2.289141457    41678.0523        
2.289138837    41677.9861        
2.289136217    41677.92          
2.289133597    41677.8538        
2.289130977    41677.7877        
2.289128357    41677.7216        
2.289125737    41677.6554        
2.289123117    41677.5893        
2.289120497    41677.5231        
2.289117877    41677.457         
2.289115257    41677.3909        
2.289112637    41677.3247        
2.289110017    41677.2586        
2.289107397    41677.1924        
2.289104777    41677.1263        
2.289102157    41677.0602        
2.289099537    41676.994         
2.289096917    41676.9279        
2.289094297    41676.8617        
2.289091677    41676.7956        
2.289089057    41676.7294        
2.289086437    41676.6633        
2.289083817    41676.5972        
2.289081197    41676.531         
2.289078577    41676.4649        
2.289075957    41676.3987        
2.289073337    41676.3326        
2.289070717    41676.2664        
2.289068097    41676.2003        
2.289065478    41676.1342        
2.289062858    41676.068         
2.289060238    41676.0019        
2.289057618    41675.9357        
2.289054998    41675.8696        
2.289052378    41675.8035        
2.289049758    41675.7373        
2.289047138    41675.6712        
2.289044518    41675.605         
2.289041899    41675.5389        
2.289039279    41675.4727        
2.289036659    41675.4066        
2.289034039    41675.3405        
2.289031419    41675.2743        
2.289028799    41675.2082        
2.28902618     41675.142         
2.28902356     41675.0759        
2.28902094     41675.0097        
2.28901832     41674.9436        
2.2890157      41674.8775        
2.289013081    41674.8113        
2.289010461    41674.7452        
2.289007841    41674.679         
2.289005221    41674.6129        
2.289002601    41674.5467        
2.288999982    41674.4806        
2.288997362    41674.4144        
2.288994742    41674.3483        
2.288992122    41674.2822        
2.288989503    41674.216         
2.288986883    41674.1499        
2.288984263    41674.0837        
2.288981644    41674.0176        
2.288979024    41673.9514        
2.288976404    41673.8853        
2.288973784    41673.8192        
2.288971165    41673.753         
2.288968545    41673.6869        
2.288965925    41673.6207        
2.288963306    41673.5546        
2.288960686    41673.4884        
2.288958066    41673.4223        
2.288955447    41673.3561        
2.288952827    41673.29          
2.288950207    41673.2239        
2.288947588    41673.1577        
2.288944968    41673.0916        
2.288942348    41673.0254        
2.288939729    41672.9593        
2.288937109    41672.8931        
2.28893449     41672.827         
2.28893187     41672.7608        
2.28892925     41672.6947        
2.288926631    41672.6286        
2.288924011    41672.5624        
2.288921392    41672.4963        
2.288918772    41672.4301        
2.288916152    41672.364         
2.288913533    41672.2978        
2.288910913    41672.2317        
2.288908294    41672.1655        
2.288905674    41672.0994        
2.288903055    41672.0333        
2.288900435    41671.9671        
2.288897816    41671.901         
2.288895196    41671.8348        
2.288892577    41671.7687        
2.288889957    41671.7025        
2.288887338    41671.6364        
2.288884718    41671.5702        
2.288882099    41671.5041        
2.288879479    41671.4379        
2.28887686     41671.3718        
2.28887424     41671.3057        
2.288871621    41671.2395        
2.288869001    41671.1734        
2.288866382    41671.1072        
2.288863762    41671.0411        
2.288861143    41670.9749        
2.288858523    41670.9088        
2.288855904    41670.8426        
2.288853285    41670.7765        
2.288850665    41670.7103        
2.288848046    41670.6442        
2.288845426    41670.578         
2.288842807    41670.5119        
2.288840187    41670.4458        
2.288837568    41670.3796        
2.288834949    41670.3135        
2.288832329    41670.2473        
2.28882971     41670.1812        
2.288827091    41670.115         
2.288824471    41670.0489        
2.288821852    41669.9827        
2.288819232    41669.9166        
2.288816613    41669.8504        
2.288813994    41669.7843        
2.288811374    41669.7181        
2.288808755    41669.652         
2.288806136    41669.5858        
2.288803517    41669.5197        
2.288800897    41669.4536        
2.288798278    41669.3874        
2.288795659    41669.3213        
2.288793039    41669.2551        
2.28879042     41669.189         
2.288787801    41669.1228        
2.288785181    41669.0567        
2.288782562    41668.9905        
2.288779943    41668.9244        
2.288777324    41668.8582        
2.288774704    41668.7921        
2.288772085    41668.7259        
2.288769466    41668.6598        
2.288766847    41668.5936        
2.288764228    41668.5275        
2.288761608    41668.4613        
2.288758989    41668.3952        
2.28875637     41668.3291        
2.288753751    41668.2629        
2.288751132    41668.1968        
2.288748512    41668.1306        
2.288745893    41668.0645        
2.288743274    41667.9983        
2.288740655    41667.9322        
2.288738036    41667.866         
2.288735416    41667.7999        
2.288732797    41667.7337        
2.288730178    41667.6676        
2.288727559    41667.6014        
2.28872494     41667.5353        
2.288722321    41667.4691        
2.288719702    41667.403         
2.288717083    41667.3368        
2.288714463    41667.2707        
2.288711844    41667.2045        
2.288709225    41667.1384        
2.288706606    41667.0722        
2.288703987    41667.0061        
2.288701368    41666.9399        
2.288698749    41666.8738        
2.28869613     41666.8076        
2.288693511    41666.7415        
2.288690892    41666.6753        
2.288688273    41666.6092        
2.288685654    41666.543         
2.288683035    41666.4769        
2.288680416    41666.4108        
2.288677797    41666.3446        
2.288675177    41666.2785        
2.288672558    41666.2123        
2.288669939    41666.1462        
2.28866732     41666.08          
2.288664701    41666.0139        
2.288662082    41665.9477        
2.288659463    41665.8816        
2.288656845    41665.8154        
2.288654226    41665.7493        
2.288651607    41665.6831        
2.288648988    41665.617         
2.288646369    41665.5508        
2.28864375     41665.4847        
2.288641131    41665.4185        
2.288638512    41665.3524        
2.288635893    41665.2862        
2.288633274    41665.2201        
2.288630655    41665.1539        
2.288628036    41665.0878        
2.288625417    41665.0216        
2.288622798    41664.9555        
2.288620179    41664.8893        
2.288617561    41664.8232        
2.288614942    41664.757         
2.288612323    41664.6909        
2.288609704    41664.6247        
2.288607085    41664.5586        
2.288604466    41664.4924        
2.288601847    41664.4263        
2.288599229    41664.3601        
2.28859661     41664.294         
2.288593991    41664.2278        
2.288591372    41664.1617        
2.288588753    41664.0955        
2.288586134    41664.0294        
2.288583516    41663.9632        
2.288580897    41663.8971        
2.288578278    41663.8309        
2.288575659    41663.7648        
2.28857304     41663.6986        
2.288570422    41663.6325        
2.288567803    41663.5663        
2.288565184    41663.5002        
2.288562565    41663.434         
2.288559947    41663.3679        
2.288557328    41663.3017        
2.288554709    41663.2356        
2.28855209     41663.1694        
2.288549472    41663.1032        
2.288546853    41663.0371        
2.288544234    41662.9709        
2.288541615    41662.9048        
2.288538997    41662.8386        
2.288536378    41662.7725        
2.288533759    41662.7063        
2.288531141    41662.6402        
2.288528522    41662.574         
2.288525903    41662.5079        
2.288523285    41662.4417        
2.288520666    41662.3756        
2.288518047    41662.3094        
2.288515429    41662.2433        
2.28851281     41662.1771        
2.288510191    41662.111         
2.288507573    41662.0448        
2.288504954    41661.9787        
2.288502335    41661.9125        
2.288499717    41661.8464        
2.288497098    41661.7802        
2.28849448     41661.7141        
2.288491861    41661.6479        
2.288489242    41661.5818        
2.288486624    41661.5156        
2.288484005    41661.4495        
2.288481387    41661.3833        
2.288478768    41661.3171        
2.28847615     41661.251         
2.288473531    41661.1848        
2.288470912    41661.1187        
2.288468294    41661.0525        
2.288465675    41660.9864        
2.288463057    41660.9202        
2.288460438    41660.8541        
2.28845782     41660.7879        
2.288455201    41660.7218        
2.288452583    41660.6556        
2.288449964    41660.5895        
2.288447346    41660.5233        
2.288444727    41660.4572        
2.288442109    41660.391         
2.28843949     41660.3249        
2.288436872    41660.2587        
2.288434253    41660.1926        
2.288431635    41660.1264        
2.288429016    41660.0602        
2.288426398    41659.9941        
2.288423779    41659.9279        
2.288421161    41659.8618        
2.288418543    41659.7956        
2.288415924    41659.7295        
2.288413306    41659.6633        
2.288410687    41659.5972        
2.288408069    41659.531         
2.288405451    41659.4649        
2.288402832    41659.3987        
2.288400214    41659.3326        
2.288397595    41659.2664        
2.288394977    41659.2002        
2.288392359    41659.1341        
2.28838974     41659.0679        
2.288387122    41659.0018        
2.288384504    41658.9356        
2.288381885    41658.8695        
2.288379267    41658.8033        
2.288376648    41658.7372        
2.28837403     41658.671         
2.288371412    41658.6049        
2.288368794    41658.5387        
2.288366175    41658.4726        
2.288363557    41658.4064        
2.288360939    41658.3402        
2.28835832     41658.2741        
2.288355702    41658.2079        
2.288353084    41658.1418        
2.288350465    41658.0756        
2.288347847    41658.0095        
2.288345229    41657.9433        
2.288342611    41657.8772        
2.288339992    41657.811         
2.288337374    41657.7449        
2.288334756    41657.6787        
2.288332138    41657.6125        
2.288329519    41657.5464        
2.288326901    41657.4802        
2.288324283    41657.4141        
2.288321665    41657.3479        
2.288319047    41657.2818        
2.288316428    41657.2156        
2.28831381     41657.1495        
2.288311192    41657.0833        
2.288308574    41657.0171        
2.288305956    41656.951         
2.288303337    41656.8848        
2.288300719    41656.8187        
2.288298101    41656.7525        
2.288295483    41656.6864        
2.288292865    41656.6202        
2.288290247    41656.5541        
2.288287629    41656.4879        
2.28828501     41656.4217        
2.288282392    41656.3556        
2.288279774    41656.2894        
2.288277156    41656.2233        
2.288274538    41656.1571        
2.28827192     41656.091         
2.288269302    41656.0248        
2.288266684    41655.9587        
2.288264066    41655.8925        
2.288261448    41655.8263        
2.28825883     41655.7602        
2.288256211    41655.694         
2.288253593    41655.6279        
2.288250975    41655.5617        
2.288248357    41655.4956        
2.288245739    41655.4294        
2.288243121    41655.3633        
2.288240503    41655.2971        
2.288237885    41655.2309        
2.288235267    41655.1648        
2.288232649    41655.0986        
2.288230031    41655.0325        
2.288227413    41654.9663        
2.288224795    41654.9002        
2.288222177    41654.834         
2.288219559    41654.7678        
2.288216941    41654.7017        
2.288214323    41654.6355        
2.288211705    41654.5694        
2.288209087    41654.5032        
2.288206469    41654.4371        
2.288203852    41654.3709        
2.288201234    41654.3047        
2.288198616    41654.2386        
2.288195998    41654.1724        
2.28819338     41654.1063        
2.288190762    41654.0401        
2.288188144    41653.974         
2.288185526    41653.9078        
2.288182908    41653.8416        
2.28818029     41653.7755        
2.288177672    41653.7093        
2.288175055    41653.6432        
2.288172437    41653.577         
2.288169819    41653.5109        
2.288167201    41653.4447        
2.288164583    41653.3785        
2.288161965    41653.3124        
2.288159347    41653.2462        
2.28815673     41653.1801        
2.288154112    41653.1139        
2.288151494    41653.0477        
2.288148876    41652.9816        
2.288146258    41652.9154        
2.288143641    41652.8493        
2.288141023    41652.7831        
2.288138405    41652.717         
2.288135787    41652.6508        
2.288133169    41652.5846        
2.288130552    41652.5185        
2.288127934    41652.4523        
2.288125316    41652.3862        
2.288122698    41652.32          
2.288120081    41652.2538        
2.288117463    41652.1877        
2.288114845    41652.1215        
2.288112227    41652.0554        
2.28810961     41651.9892        
2.288106992    41651.9231        
2.288104374    41651.8569        
2.288101756    41651.7907        
2.288099139    41651.7246        
2.288096521    41651.6584        
2.288093903    41651.5923        
2.288091286    41651.5261        
2.288088668    41651.4599        
2.28808605     41651.3938        
2.288083433    41651.3276        
2.288080815    41651.2615        
2.288078197    41651.1953        
2.28807558     41651.1291        
2.288072962    41651.063         
2.288070344    41650.9968        
2.288067727    41650.9307        
2.288065109    41650.8645        
2.288062492    41650.7984        
2.288059874    41650.7322        
2.288057256    41650.666         
2.288054639    41650.5999        
2.288052021    41650.5337        
2.288049404    41650.4676        
2.288046786    41650.4014        
2.288044168    41650.3352        
2.288041551    41650.2691        
2.288038933    41650.2029        
2.288036316    41650.1368        
2.288033698    41650.0706        
2.288031081    41650.0044        
2.288028463    41649.9383        
2.288025846    41649.8721        
2.288023228    41649.806         
2.28802061     41649.7398        
2.288017993    41649.6736        
2.288015375    41649.6075        
2.288012758    41649.5413        
2.28801014     41649.4752        
2.288007523    41649.409         
2.288004905    41649.3428        
2.288002288    41649.2767        
2.287999671    41649.2105        
2.287997053    41649.1443        
2.287994436    41649.0782        
2.287991818    41649.012         
2.287989201    41648.9459        
2.287986583    41648.8797        
2.287983966    41648.8135        
2.287981348    41648.7474        
2.287978731    41648.6812        
2.287976114    41648.6151        
2.287973496    41648.5489        
2.287970879    41648.4827        
2.287968261    41648.4166        
2.287965644    41648.3504        
2.287963027    41648.2843        
2.287960409    41648.2181        
2.287957792    41648.1519        
2.287955174    41648.0858        
2.287952557    41648.0196        
2.28794994     41647.9535        
2.287947322    41647.8873        
2.287944705    41647.8211        
2.287942088    41647.755         
2.28793947     41647.6888        
2.287936853    41647.6226        
2.287934236    41647.5565        
2.287931618    41647.4903        
2.287929001    41647.4242        
2.287926384    41647.358         
2.287923766    41647.2918        
2.287921149    41647.2257        
2.287918532    41647.1595        
2.287915915    41647.0933        
2.287913297    41647.0272        
2.28791068     41646.961         
2.287908063    41646.8949        
2.287905445    41646.8287        
2.287902828    41646.7625        
2.287900211    41646.6964        
2.287897594    41646.6302        
2.287894976    41646.5641        
2.287892359    41646.4979        
2.287889742    41646.4317        
2.287887125    41646.3656        
2.287884508    41646.2994        
2.28788189     41646.2332        
2.287879273    41646.1671        
2.287876656    41646.1009        
2.287874039    41646.0348        
2.287871422    41645.9686        
2.287868804    41645.9024        
2.287866187    41645.8363        
2.28786357     41645.7701        
2.287860953    41645.7039        
2.287858336    41645.6378        
2.287855719    41645.5716        
2.287853102    41645.5054        
2.287850484    41645.4393        
2.287847867    41645.3731        
2.28784525     41645.307         
2.287842633    41645.2408        
2.287840016    41645.1746        
2.287837399    41645.1085        
2.287834782    41645.0423        
2.287832165    41644.9761        
2.287829548    41644.91          
2.28782693     41644.8438        
2.287824313    41644.7777        
2.287821696    41644.7115        
2.287819079    41644.6453        
2.287816462    41644.5792        
2.287813845    41644.513         
2.287811228    41644.4468        
2.287808611    41644.3807        
2.287805994    41644.3145        
