############################
   Wavenumber   Sampling
----------------------------
Factor to cgs units: 1
Initial value: 2000
Final value: 5500
Spacing: 0.1
Oversample: 1
Number of elements: 35001
############################
   Wavelength   Sampling
----------------------------
Factor to cgs units: 0
Initial value: 0
Final value: 0
Spacing: 0
Oversample: 0
Number of elements: 0
############################
   Radius       Sampling
----------------------------
Factor to cgs units: 100000
Initial value: 80283.1
Final value: 84111
Spacing: 0
Number of elements: 100
Values:     80283.125    80325.007    80365.583    80405.025    80443.486    80481.113    80518.034    80554.377    80590.226    80625.694     80660.83    80695.719    80730.406     80764.94    80799.366    80833.722    80868.066    80902.438      80936.9    80971.505    81006.303    81041.339    81076.642    81112.231    81148.116    81184.295    81220.756    81257.493    81294.477    81331.706    81369.143    81406.741    81444.514    81482.445    81520.517    81558.716    81597.035    81635.454    81673.964     81712.55    81751.228    81789.971    81828.777    81867.646    81906.573    81945.553    81984.582    82023.664    82062.781    82101.958    82141.167    82180.425    82219.724    82259.064    82298.443    82337.861    82377.326    82416.826    82456.361     82495.94    82535.557    82575.213    82614.906    82654.638    82694.409     82734.22    82774.072    82813.952    82853.889    82893.842    82933.851    82973.891    83013.973    83054.094     83094.25    83134.447    83174.684    83214.959    83255.278    83295.628    83336.018     83376.45    83416.921    83457.431    83497.982     83538.57    83579.198     83619.86    83660.579    83701.325    83742.106    83782.932      83823.8    83864.706     83905.65    83946.635    83987.667    84028.728    84069.831    84110.983
############################
   Impact parameter Sampling
----------------------------
Factor to cgs units: 100000
Initial value: 84111
Final value: 80283.1
Spacing: 0
Oversample: 0
Number of elements: 100
Values:     84110.983    84069.831    84028.728    83987.667    83946.635     83905.65    83864.706      83823.8    83782.932    83742.106    83701.325    83660.579     83619.86    83579.198     83538.57    83497.982    83457.431    83416.921     83376.45    83336.018    83295.628    83255.278    83214.959    83174.684    83134.447     83094.25    83054.094    83013.973    82973.891    82933.851    82893.842    82853.889    82813.952    82774.072     82734.22    82694.409    82654.638    82614.906    82575.213    82535.557     82495.94    82456.361    82416.826    82377.326    82337.861    82298.443    82259.064    82219.724    82180.425    82141.167    82101.958    82062.781    82023.664    81984.582    81945.553    81906.573    81867.646    81828.777    81789.971    81751.228     81712.55    81673.964    81635.454    81597.035    81558.716    81520.517    81482.445    81444.514    81406.741    81369.143    81331.706    81294.477    81257.493    81220.756    81184.295    81148.116    81112.231    81076.642    81041.339    81006.303    80971.505      80936.9    80902.438    80868.066    80833.722    80799.366     80764.94    80730.406    80695.719     80660.83    80625.694    80590.226    80554.377    80518.034    80481.113    80443.486    80405.025    80365.583    80325.007    80283.125
