############################
   Wavenumber   Sampling
----------------------------
Factor to cgs units: 1
Initial value: 990.099
Final value: 20000
Spacing: 0.1
Oversample: 1
Number of elements: 190100
############################
   Wavelength   Sampling
----------------------------
Factor to cgs units: 0
Initial value: 0
Final value: 0
Spacing: 0
Oversample: 0
Number of elements: 0
############################
   Radius       Sampling
----------------------------
Factor to cgs units: 100000
Initial value: 79602.6
Final value: 84602.4
Spacing: 0
Number of elements: 100
Values:     79602.563    79650.111    79697.716    79745.376    79793.093     79840.87    79888.706    79936.596    79984.543    80032.548    80080.617    80128.729    80176.908    80225.145    80273.438    80321.788    80370.201    80418.673    80467.201    80515.786    80564.431    80613.141    80661.895    80710.717    80759.599    80808.537    80857.535    80906.595    80955.717    81004.895    81054.131    81103.428    81152.793    81202.202     81251.68    81301.219    81350.816    81400.473    81450.195    81499.979     81549.82    81599.722    81649.685    81699.717    81749.794    81799.941    81850.151     81900.42    81950.751    82001.146    82051.606    82102.125    82152.704    82203.347     82254.06    82304.818    82355.649    82406.544    82457.499    82508.516      82559.6     82610.75    82661.959    82713.231    82764.567    82815.974    82867.429    82918.957     82970.55    83022.205    83073.924     83125.71    83177.564    83229.478    83281.456      83333.5    83385.617    83437.782    83490.022    83542.328    83594.697    83647.131    83699.635    83752.207    83804.841     83857.54    83910.307    83963.147    84016.037    84069.004    84122.038    84175.137    84228.302    84281.537    84334.843    84388.212    84441.648    84495.151    84548.731    84602.362
############################
   Impact parameter Sampling
----------------------------
Factor to cgs units: 100000
Initial value: 84602.4
Final value: 79602.6
Spacing: 0
Oversample: 0
Number of elements: 100
Values:     84602.362    84548.731    84495.151    84441.648    84388.212    84334.843    84281.537    84228.302    84175.137    84122.038    84069.004    84016.037    83963.147    83910.307     83857.54    83804.841    83752.207    83699.635    83647.131    83594.697    83542.328    83490.022    83437.782    83385.617      83333.5    83281.456    83229.478    83177.564     83125.71    83073.924    83022.205     82970.55    82918.957    82867.429    82815.974    82764.567    82713.231    82661.959     82610.75      82559.6    82508.516    82457.499    82406.544    82355.649    82304.818     82254.06    82203.347    82152.704    82102.125    82051.606    82001.146    81950.751     81900.42    81850.151    81799.941    81749.794    81699.717    81649.685    81599.722     81549.82    81499.979    81450.195    81400.473    81350.816    81301.219     81251.68    81202.202    81152.793    81103.428    81054.131    81004.895    80955.717    80906.595    80857.535    80808.537    80759.599    80710.717    80661.895    80613.141    80564.431    80515.786    80467.201    80418.673    80370.201    80321.788    80273.438    80225.145    80176.908    80128.729    80080.617    80032.548    79984.543    79936.596    79888.706     79840.87    79793.093    79745.376    79697.716    79650.111    79602.563
