#wvl [um]      Flux [erg/s/cm]
8              28240.0096        
7.993605116    28249.9188        
7.987220447    28090.3182        
7.98084597     27333.2768        
7.974481659    28101.1678        
7.96812749     28378.7821        
7.961783439    26278.597         
7.955449483    28010.9139        
7.949125596    23712.1016        
7.942811755    28465.8116        
7.936507937    28327.2757        
7.930214116    17610.6412        
7.923930269    22826.7878        
7.917656374    19498.9707        
7.911392405    28467.7211        
7.90513834     25478.6077        
7.898894155    27824.2675        
7.892659826    28710.123         
7.886435331    28624.0008        
7.880220646    28568.4156        
7.874015748    27848.2057        
7.867820614    28495.5508        
7.86163522     28717.1208        
7.855459544    26241.3692        
7.849293564    28822.7981        
7.843137255    28724.9847        
7.836990596    28956.1205        
7.830853563    28188.749         
7.824726135    28934.0692        
7.818608288    24907.0655        
7.8125         29057.1319        
7.806401249    29095.2204        
7.800312012    27978.3664        
7.794232268    29129.1191        
7.788161994    29001.918         
7.782101167    29136.2504        
7.776049767    29192.3549        
7.77000777     28942.9549        
7.763975155    28936.8998        
7.757951901    26179.6599        
7.751937984    29290.3913        
7.745933385    26525.9544        
7.73993808     29367.0214        
7.733952049    29282.6689        
7.72797527     29428.524         
7.722007722    28989.3364        
7.716049383    28304.1342        
7.710100231    29428.5481        
7.704160247    29276.7234        
7.698229407    29423.5019        
7.692307692    29423.7882        
7.686395081    28492.9087        
7.680491551    29667.9038        
7.674597084    29188.5209        
7.668711656    29458.2712        
7.662835249    29749.2044        
7.656967841    29767.8123        
7.651109411    29520.3437        
7.645259939    29828.06          
7.639419404    23524.3968        
7.633587786    14648.4035        
7.627765065    29791.1368        
7.62195122     29815.1355        
7.61614623     29816.4           
7.610350076    20021.3927        
7.604562738    23307.4966        
7.598784195    30046.6521        
7.593014427    29922.8574        
7.587253414    28345.3889        
7.581501137    30065.132         
7.575757576    24072.4703        
7.57002271     29865.917         
7.56429652     25218.0867        
7.558578987    29941.9959        
7.552870091    29887.0732        
7.547169811    28729.6919        
7.54147813     25275.1384        
7.535795026    27640.7035        
7.530120482    30337.839         
7.524454477    28328.6312        
7.518796992    29239.728         
7.513148009    30297.4615        
7.507507508    30438.065         
7.501875469    30251.2444        
7.496251874    30259.5613        
7.490636704    30523.968         
7.48502994     29645.685         
7.479431563    28876.4122        
7.473841555    30297.9429        
7.468259895    30180.8389        
7.462686567    29132.193         
7.457121551    28844.3913        
7.451564829    30597.9238        
7.446016381    30611.2806        
7.44047619     30687.9926        
7.434944238    28628.2861        
7.429420505    30849.8572        
7.423904974    30477.587         
7.418397626    30864.7241        
7.412898443    30819.1823        
7.407407407    29747.7473        
7.4019245      30884.9413        
7.396449704    29233.3139        
7.390983001    31025.8287        
7.385524372    29280.9243        
7.380073801    28173.0718        
7.374631268    31114.5133        
7.369196758    30932.6837        
7.36377025     31093.7203        
7.358351729    31034.4523        
7.352941176    31220.2269        
7.347538575    31169.0889        
7.342143906    31038.9591        
7.336757153    26595.3024        
7.331378299    22219.0157        
7.326007326    31215.9204        
7.320644217    31315.6645        
7.315288954    23602.6454        
7.30994152     31180.9424        
7.304601899    31112.1723        
7.299270073    31404.629         
7.293946025    31238.5614        
7.288629738    31354.5347        
7.283321194    31262.1598        
7.278020378    31446.1215        
7.272727273    28216.9797        
7.26744186     30945.5867        
7.262164125    31643.696         
7.256894049    31675.3184        
7.251631617    31598.6192        
7.246376812    31096.4414        
7.241129616    16406.7903        
7.235890014    31724.5257        
7.23065799     31820.1964        
7.225433526    20152.6124        
7.220216606    29469.4022        
7.215007215    31703.8556        
7.209805335    20096.3808        
7.204610951    31847.5599        
7.199424046    26904.2775        
7.194244604    31727.4905        
7.18907261     31969.7943        
7.183908046    31218.8289        
7.178750897    31890.6251        
7.173601148    31652.3189        
7.168458781    16935.4529        
7.163323782    31999.3134        
7.158196135    32080.792         
7.153075823    31644.713         
7.147962831    23439.7552        
7.142857143    31844.1909        
7.137758744    32188.2263        
7.132667618    32228.6305        
7.127583749    30671.1909        
7.122507123    32318.1977        
7.117437722    32392.7674        
7.112375533    29439.885         
7.10732054     32320.0668        
7.102272727    18940.2595        
7.097232079    32213.2096        
7.092198582    32360.8862        
7.087172218    32350.0527        
7.082152975    32560.5869        
7.077140835    32341.993         
7.072135785    32088.0528        
7.067137809    32649.3307        
7.062146893    30267.2539        
7.05716302     32149.8964        
7.052186178    20014.7461        
7.04721635     31873.3973        
7.042253521    30060.2337        
7.037297678    32572.4458        
7.032348805    32827.8246        
7.027406887    32853.5407        
7.02247191     25943.4244        
7.01754386     32185.3667        
7.012622721    24645.5063        
7.007708479    32580.3407        
7.00280112     32482.892         
6.99790063     32881.0535        
6.993006993    32743.9576        
6.988120196    30559.8084        
6.983240223    33071.0619        
6.978367062    27249.0235        
6.973500697    21823.177         
6.968641115    32609.8504        
6.963788301    32930.1172        
6.958942241    32930.1799        
6.954102921    33171.1072        
6.949270327    29661.6539        
6.944444444    32675.2739        
6.93962526     19417.5825        
6.93481276     33039.3668        
6.93000693     26415.6204        
6.925207756    31667.9407        
6.920415225    32139.2089        
6.915629322    16717.3809        
6.910850035    33302.8738        
6.906077348    31570.1892        
6.901311249    33198.5443        
6.896551724    33401.0848        
6.891798759    33512.0305        
6.887052342    24924.5559        
6.882312457    33610.1475        
6.877579092    33593.7077        
6.872852234    29013.5443        
6.868131868    29302.1746        
6.863417982    33143.1044        
6.858710562    26441.1479        
6.854009596    33663.4906        
6.849315068    33585.7641        
6.844626968    32993.1175        
6.83994528     33601.3454        
6.835269993    33658.6518        
6.830601093    33301.4231        
6.825938567    33171.272         
6.821282401    33698.749         
6.816632584    33844.9522        
6.811989101    30468.1027        
6.80735194     32571.6834        
6.802721088    31355.0471        
6.798096533    33871.3422        
6.793478261    16405.7437        
6.788866259    33246.4496        
6.784260516    33788.8793        
6.779661017    34105.8156        
6.775067751    29889.7821        
6.770480704    33992.3792        
6.765899865    34227.1049        
6.76132522     33870.4623        
6.756756757    33674.9493        
6.752194463    34223.913         
6.747638327    32193.6152        
6.743088334    33833.1629        
6.738544474    34154.8875        
6.734006734    34304.1915        
6.729475101    33036.9639        
6.724949563    29503.6061        
6.720430108    34474.7589        
6.715916723    28288.8033        
6.711409396    34232.8623        
6.706908115    34288.0891        
6.702412869    34366.1735        
6.697923644    34568.0602        
6.693440428    34605.1683        
6.688963211    34268.8651        
6.684491979    28987.1974        
6.68002672     21580.9739        
6.675567423    33422.9332        
6.671114076    34742.3517        
6.666666667    34721.6152        
6.662225183    20370.6658        
6.657789614    31648.85          
6.653359947    30886.4452        
6.64893617     34443.6231        
6.644518272    34680.2331        
6.640106242    34629.6906        
6.635700066    34785.7112        
6.631299735    34754.0627        
6.626905235    34773.3088        
6.622516556    23237.3333        
6.618133686    34886.0982        
6.613756614    34779.2633        
6.609385327    35048.5065        
6.605019815    33448.881         
6.600660066    35122.8379        
6.596306069    35150.0344        
6.591957811    13153.5943        
6.587615283    34987.8466        
6.583278473    35017.7152        
6.578947368    25205.0012        
6.574621959    29210.0342        
6.570302234    23909.819         
6.565988181    35077.3082        
6.56167979     34544.8341        
6.557377049    35129.0594        
6.553079948    35387.4854        
6.548788474    33564.1931        
6.544502618    35286.1485        
6.540222368    35266.7917        
6.535947712    33877.4922        
6.531678641    28130.5687        
6.527415144    32896.8148        
6.523157208    35527.1112        
6.518904824    35453.7194        
6.51465798     34108.7847        
6.510416667    35627.448         
6.506180872    35024.252         
6.501950585    35261.2452        
6.497725796    35589.8122        
6.493506494    30221.8979        
6.489292667    34755.5656        
6.485084306    35503.1745        
6.4808814      34936.4456        
6.476683938    34114.3094        
6.472491909    33101.7918        
6.468305304    35696.4272        
6.464124111    35479.5316        
6.45994832     35651.9508        
6.455777921    35606.2628        
6.451612903    35782.3476        
6.447453256    35269.8896        
6.443298969    34608.4081        
6.439150032    35898.375         
6.435006435    35789.3677        
6.430868167    35873.7115        
6.426735219    35047.7779        
6.422607579    35765.456         
6.418485237    28259.157         
6.414368185    34062.0551        
6.41025641     36043.2772        
6.406149904    34558.5758        
6.402048656    32250.0159        
6.397952655    21527.2352        
6.393861893    36046.4511        
6.389776358    26484.589         
6.385696041    35825.2201        
6.381620932    36350.5158        
6.37755102     36149.4709        
6.373486297    21890.9276        
6.369426752    36122.4292        
6.365372374    36309.1252        
6.361323155    36423.6289        
6.357279085    35744.7096        
6.353240152    36454.2266        
6.349206349    29438.7329        
6.345177665    31251.8681        
6.34115409     36212.7511        
6.337135615    27797.5532        
6.333122229    27794.4316        
6.329113924    34341.3579        
6.325110689    36388.5131        
6.321112516    36486.1309        
6.317119394    34022.6699        
6.313131313    35771.7234        
6.309148265    36627.6217        
6.30517024     15466.3998        
6.301197227    36794.0345        
6.297229219    36610.1808        
6.293266205    35442.7654        
6.289308176    36541.8518        
6.285355123    36667.3799        
6.281407035    35189.7046        
6.277463905    32547.5498        
6.273525721    36677.2219        
6.269592476    36682.9556        
6.26566416     36665.6501        
6.261740764    33688.1323        
6.257822278    31631.9574        
6.253908693    34497.1107        
6.25           36732.0735        
6.24609619     34355.3735        
6.242197253    37009.1246        
6.238303182    25361.3455        
6.234413965    33839.496         
6.230529595    37046.5795        
6.226650062    34875.1627        
6.222775358    30669.4679        
6.218905473    35974.4289        
6.215040398    21984.6876        
6.211180124    36939.3199        
6.207324643    36661.0923        
6.203473945    14387.1641        
6.199628022    35130.9269        
6.195786865    36430.7098        
6.191950464    37157.3769        
6.188118812    37100.0616        
6.184291899    37344.168         
6.180469716    34715.6093        
6.176652254    37303.6676        
6.172839506    33847.8978        
6.169031462    37223.1874        
6.165228113    32622.8693        
6.161429452    32146.2495        
6.157635468    30107.0438        
6.153846154    32937.7542        
6.150061501    35631.0124        
6.1462815      37520.2658        
6.142506143    18641.6971        
6.138735421    37458.8189        
6.134969325    33246.2568        
6.131207848    30686.0555        
6.12745098     34592.0516        
6.123698714    23240.416         
6.11995104     35249.0926        
6.116207951    36884.7484        
6.112469438    25812.4931        
6.108735492    37246.3463        
6.105006105    25176.6684        
6.101281269    36967.5856        
6.097560976    37645.6814        
6.093845216    18949.108         
6.090133983    38000.9436        
6.086427267    37753.5236        
6.082725061    35973.5905        
6.079027356    37949.0047        
6.075334143    37912.5044        
6.071645416    34203.1353        
6.067961165    37661.4207        
6.064281383    37640.3535        
6.060606061    28864.132         
6.056935191    28463.9278        
6.053268765    37062.472         
6.049606776    18185.6244        
6.045949214    38048.5936        
6.042296073    38223.0412        
6.038647343    38075.4031        
6.035003018    38274.2704        
6.031363088    38218.56          
6.027727547    37962.0587        
6.024096386    29880.0288        
6.020469597    27294.6481        
6.016847172    38231.7402        
6.013229104    37782.4308        
6.009615385    36787.3037        
6.006006006    38300.8713        
6.00240096     38538.9556        
5.99880024     23522.4255        
5.995203837    24078.2983        
5.991611744    37948.2826        
5.988023952    36223.1675        
5.984440455    33783.474         
5.980861244    23243.2771        
5.977286312    36704.455         
5.973715651    32698.7995        
5.970149254    38391.0734        
5.966587112    38407.9937        
5.963029219    38263.8519        
5.959475566    37985.1294        
5.955926147    38173.585         
5.952380952    19907.2689        
5.948839976    27052.8866        
5.94530321     34572.4775        
5.941770648    15399.8297        
5.93824228     38922.7624        
5.934718101    36272.7182        
5.931198102    38214.3502        
5.927682276    20372.2558        
5.924170616    37206.9309        
5.920663114    38257.7627        
5.917159763    35036.2372        
5.913660556    37403.4958        
5.910165485    26449.778         
5.906674542    38335.7241        
5.903187721    38796.9033        
5.899705015    38340.169         
5.896226415    39149.7671        
5.892751915    39098.3266        
5.889281508    39213.4071        
5.885815185    38973.3228        
5.882352941    22811.1535        
5.878894768    35462.412         
5.875440658    39071.1522        
5.871990605    38918.9572        
5.868544601    37913.9078        
5.865102639    33424.2403        
5.861664713    39017.6509        
5.858230814    39159.1664        
5.854800937    33560.8516        
5.851375073    33343.6516        
5.847953216    34186.4967        
5.844535359    39456.6041        
5.841121495    39194.0295        
5.837711617    39042.5223        
5.834305718    38736.9626        
5.83090379     39423.9162        
5.827505828    39178.1331        
5.824111823    39252.5345        
5.820721769    39373.1538        
5.81733566     39220.6834        
5.813953488    35830.4533        
5.810575247    18950.4415        
5.807200929    39417.548         
5.803830528    39108.7458        
5.800464037    37808.6207        
5.797101449    39242.9289        
5.793742758    38530.5718        
5.790387956    35167.102         
5.787037037    39692.6605        
5.783689994    39829.9072        
5.780346821    22842.9868        
5.77700751     39409.6666        
5.773672055    30670.7177        
5.77034045     39311.3485        
5.767012687    35414.3277        
5.763688761    39671.3543        
5.760368664    37836.4611        
5.757052389    39459.854         
5.753739931    28900.8703        
5.750431282    26320.3183        
5.747126437    39503.3486        
5.743825388    39539.8348        
5.740528129    29997.5643        
5.737234653    38356.3806        
5.733944954    33237.903         
5.730659026    35840.2397        
5.727376861    31160.4403        
5.724098454    39848.3174        
5.720823799    39908.2093        
5.717552887    32166.5942        
5.714285714    39776.9789        
5.711022273    40280.1752        
5.707762557    39998.8499        
5.70450656     39771.6026        
5.701254276    39191.1747        
5.698005698    40073.4141        
5.69476082     38968.014         
5.691519636    38949.9015        
5.688282139    40153.0527        
5.685048323    19626.6229        
5.681818182    39068.68          
5.678591709    38515.0708        
5.675368899    40494.459         
5.672149745    26524.8238        
5.66893424     33174.3642        
5.66572238     34025.666         
5.662514156    40384.2638        
5.659309564    36415.7045        
5.656108597    40493.2355        
5.652911249    40195.1562        
5.649717514    39645.937         
5.646527386    39851.8576        
5.643340858    40105.8981        
5.640157924    40356.1293        
5.636978579    40322.1369        
5.633802817    40437.2942        
5.630630631    40719.842         
5.627462015    27234.0138        
5.624296963    40309.6913        
5.621135469    38949.5248        
5.617977528    34655.9356        
5.614823133    40858.9253        
5.611672278    40546.987         
5.608524958    37762.785         
5.605381166    38185.2704        
5.602240896    40672.4803        
5.599104143    40524.032         
5.595970901    40535.5143        
5.592841163    40574.7773        
5.589714925    40501.1524        
5.586592179    41028.4009        
5.58347292     40446.9761        
5.580357143    35607.8584        
5.577244841    39718.6698        
5.574136009    40614.342         
5.571030641    27710.9443        
5.567928731    40915.5279        
5.564830273    40796.369         
5.561735261    40134.4131        
5.558643691    41190.6135        
5.555555556    40794.8981        
5.55247085     33343.0906        
5.549389567    39464.2382        
5.546311703    41270.0616        
5.543237251    39056.3           
5.540166205    40728.2238        
5.53709856     22538.2206        
5.534034311    41221.2894        
5.530973451    34214.2271        
5.527915976    41090.532         
5.524861878    28092.2413        
5.521811154    41419.7057        
5.518763797    40182.0548        
5.515719801    37793.6758        
5.512679162    39848.1291        
5.509641873    41001.5736        
5.50660793     40588.4756        
5.503577325    32779.628         
5.500550055    38517.3614        
5.497526113    32345.0162        
5.494505495    41188.4679        
5.491488193    34444.371         
5.488474204    41312.7377        
5.485463522    25636.8307        
5.48245614     31298.667         
5.479452055    41398.1374        
5.47645126     38870.7382        
5.473453749    28909.0922        
5.470459519    26277.2121        
5.467468562    40690.7739        
5.464480874    41476.2339        
5.46149645     41658.123         
5.458515284    41801.4511        
5.45553737     41798.7499        
5.452562704    41592.699         
5.449591281    41846.2511        
5.446623094    41838.5895        
5.443658138    22726.4359        
5.440696409    33990.1929        
5.437737901    37897.0425        
5.434782609    41642.0193        
5.431830527    41522.715         
5.42888165     40992.5514        
5.425935974    41934.6807        
5.422993492    41703.3806        
5.420054201    38364.0299        
5.417118093    41948.4393        
5.414185165    41417.4802        
5.411255411    33274.9038        
5.408328826    41613.5735        
5.405405405    42001.7899        
5.402485143    41311.9006        
5.399568035    38539.2813        
5.396654074    31401.2945        
5.393743258    41014.1995        
5.39083558     27755.3872        
5.387931034    41709.5268        
5.385029618    40675.5995        
5.382131324    30300.6011        
5.379236148    36156.701         
5.376344086    27082.3842        
5.373455132    41377.6648        
5.37056928     41986.3           
5.367686527    41835.187         
5.364806867    41862.0044        
5.361930295    41797.3292        
5.359056806    42229.7048        
5.356186395    24314.0607        
5.353319058    31852.2471        
5.350454789    28375.1512        
5.347593583    24305.6589        
5.344735436    40211.4166        
5.341880342    42198.1545        
5.339028297    35603.5895        
5.336179296    27765.8455        
5.333333333    38906.3371        
5.330490405    32044.7448        
5.327650506    42028.6334        
5.324813632    42291.2767        
5.321979776    42450.3389        
5.319148936    40105.7508        
5.316321106    41691.9164        
5.313496281    38602.7698        
5.310674456    40062.9549        
5.307855626    38802.2035        
5.305039788    42343.6404        
5.302226935    39754.9631        
5.299417064    33682.856         
5.296610169    41557.5551        
5.293806247    42206.1675        
5.291005291    20557.5588        
5.288207298    40477.6232        
5.285412262    42801.069         
5.28262018     42664.7334        
5.279831045    42659.5099        
5.277044855    27803.0784        
5.274261603    28170.4297        
5.271481286    42714.6213        
5.268703899    42551.2762        
5.265929437    42383.0086        
5.263157895    31402.0494        
5.260389269    25439.6372        
5.257623554    42835.2468        
5.254860746    40260.5999        
5.25210084     41519.031         
5.249343832    21314.699         
5.246589717    30409.587         
5.24383849     39121.6334        
5.241090147    42627.7174        
5.238344683    28592.1431        
5.235602094    42584.8645        
5.232862376    30462.1471        
5.230125523    23540.3744        
5.227391532    29192.3788        
5.224660397    40049.5632        
5.221932115    22137.5242        
5.219206681    40330.6033        
5.21648409     32698.9122        
5.213764338    43270.8186        
5.211047421    43160.6535        
5.208333333    42939.1491        
5.205622072    25089.7162        
5.202913632    42964.4823        
5.200208008    43212.2328        
5.197505198    42342.7125        
5.194805195    43042.8491        
5.192107996    42601.6364        
5.189413596    41403.1734        
5.186721992    38045.7327        
5.184033178    27750.8035        
5.18134715     43210.0024        
5.178663905    34192.4594        
5.175983437    41755.2681        
5.173305742    43280.2614        
5.170630817    42170.0963        
5.167958656    43177.8139        
5.165289256    43254.8579        
5.162622612    34148.362         
5.15995872     43477.2857        
5.157297576    30666.8073        
5.154639175    32181.4041        
5.151983514    42667.9477        
5.149330587    25983.2936        
5.146680391    42113.6079        
5.144032922    41085.1304        
5.141388175    42165.1003        
5.138746146    35826.0854        
5.136106831    25355.5145        
5.133470226    40692.3957        
5.130836326    42733.4455        
5.128205128    26141.8523        
5.125576627    37072.7452        
5.12295082     22886.9381        
5.120327701    43434.7367        
5.117707267    40708.3865        
5.115089514    43856.534         
5.112474438    39859.3851        
5.109862034    43724.6846        
5.107252298    36090.6727        
5.104645227    30487.7567        
5.102040816    40576.653         
5.099439062    33321.4126        
5.096839959    41828.9715        
5.094243505    32712.418         
5.091649695    41963.0553        
5.089058524    43693.0195        
5.08646999     24229.9809        
5.083884087    42424.6438        
5.081300813    43516.9331        
5.078720163    41608.9022        
5.076142132    32599.2791        
5.073566717    42026.8499        
5.070993915    43474.2705        
5.06842372     43777.7311        
5.06585613     43249.6046        
5.063291139    42715.7053        
5.060728745    28116.188         
5.058168943    43845.1441        
5.055611729    44093.8225        
5.0530571      40862.1296        
5.050505051    41609.6814        
5.047955578    42781.1368        
5.045408678    40513.9495        
5.042864347    42997.6819        
5.040322581    42514.5917        
5.037783375    43044.3765        
5.035246727    43652.6063        
5.032712632    42647.5911        
5.030181087    43847.07          
5.027652086    43802.1474        
5.025125628    33034.9491        
5.022601708    37927.2451        
5.020080321    43619.2306        
5.017561465    34411.7794        
5.015045135    43520.3472        
5.012531328    44457.9256        
5.01002004     38809.7092        
5.007511267    43571.6187        
5.005005005    41915.3041        
5.002501251    36638.883         
5              38622.2286        
4.997501249    44322.5173        
4.995004995    40330.9217        
4.992511233    44489.8481        
4.99001996     44004.6261        
4.987531172    41712.2751        
4.985044865    34367.107         
4.982561036    43405.6311        
4.980079681    43580.181         
4.977600796    44267.2208        
4.975124378    41501.768         
4.972650423    44419.2738        
4.970178926    42128.4115        
4.967709886    44386.989         
4.965243297    44404.8261        
4.962779156    44611.8322        
4.96031746     44396.1459        
4.957858205    38221.3513        
4.955401388    44588.3131        
4.952947003    43668.1175        
4.95049505     42033.5839        
4.948045522    44828.1249        
4.945598417    41779.9872        
4.943153732    44069.6946        
4.940711462    42758.0472        
4.938271605    44125.4448        
4.935834156    44890.5428        
4.933399112    44301.7728        
4.930966469    44502.7636        
4.928536225    43520.9928        
4.926108374    44709.2757        
4.923682915    44685.5735        
4.921259843    43077.2622        
4.918839154    42434.483         
4.916420846    43344.7159        
4.914004914    42582.7343        
4.911591356    43286.0397        
4.909180167    44895.7269        
4.906771344    44940.6075        
4.904364885    43356.2639        
4.901960784    44832.0776        
4.89955904     45068.5741        
4.897159647    44639.4531        
4.894762604    45135.752         
4.892367906    44578.4356        
4.88997555     45053.8963        
4.887585533    44612.2411        
4.885197851    44866.0243        
4.8828125      43399.9665        
4.880429478    43755.8537        
4.87804878     43978.7757        
4.875670405    44796.7306        
4.873294347    44571.4328        
4.870920604    44981.9818        
4.868549172    44322.6609        
4.866180049    44849.1035        
4.86381323     44920.1739        
4.861448712    44889.6466        
4.859086492    45059.414         
4.856726566    45054.3541        
4.854368932    45028.9152        
4.852013586    44989.8154        
4.849660524    44858.0591        
4.847309743    44976.3281        
4.84496124     44974.3344        
4.842615012    45222.8266        
4.840271055    44965.2123        
4.837929366    44851.2225        
4.835589942    45396.4604        
4.833252779    45089.6827        
4.830917874    45149.9145        
4.828585225    45012.2516        
4.826254826    45340.199         
4.823926676    45534.6005        
4.821600771    45471.0568        
4.819277108    45088.9138        
4.816955684    45186.1176        
4.814636495    45148.9429        
4.812319538    45218.4583        
4.81000481     45269.7902        
4.807692308    45305.3183        
4.805382028    45196.8421        
4.803073967    45651.2683        
4.800768123    45300.2606        
4.798464491    45381.5435        
4.79616307     45561.3431        
4.793863854    45392.0013        
4.791566842    45394.0791        
4.789272031    45344.4716        
4.786979416    45331.7716        
4.784688995    45437.3644        
4.782400765    45459.1629        
4.780114723    45604.593         
4.777830865    45595.6764        
4.775549188    45415.6132        
4.77326969     45565.61          
4.770992366    45546.7674        
4.768717215    45568.6201        
4.766444233    45533.6153        
4.764173416    45582.433         
4.761904762    45556.6062        
4.759638267    45637.2433        
4.75737393     45548.98          
4.755111745    45663.0731        
4.752851711    45710.8767        
4.750593824    45691.9425        
4.748338082    45696.915         
4.74608448     45739.2741        
4.743833017    45673.9419        
4.741583689    45770.0956        
4.739336493    45787.234         
4.737091426    45750.6398        
4.734848485    45813.1705        
4.732607667    45854.0051        
4.730368969    45837.3194        
4.728132388    45946.4548        
4.725897921    45872.6497        
4.723665564    45857.1358        
4.721435316    45848.0348        
4.719207173    46040.7766        
4.716981132    45964.5381        
4.71475719     45957.5394        
4.712535344    45985.3244        
4.710315591    46014.5877        
4.708097928    46017.0576        
4.705882353    46046.0956        
4.703668862    46025.3543        
4.701457452    46090.8569        
4.69924812     46213.494         
4.697040864    46010.985         
4.694835681    46095.1419        
4.692632567    46252.0114        
4.69043152     46125.2488        
4.688232536    46092.7052        
4.686035614    46125.0965        
4.683840749    46184.1594        
4.68164794     46237.8846        
4.679457183    46254.1692        
4.677268475    46191.6043        
4.675081814    46250.9527        
4.672897196    46254.555         
4.670714619    46143.1005        
4.66853408     46266.0675        
4.666355576    46267.1173        
4.664179104    46335.8582        
4.662004662    46374.7928        
4.659832246    46429.1421        
4.657661854    46335.6852        
4.655493482    46362.4835        
4.653327129    46364.5703        
4.651162791    46361.1569        
4.649000465    46417.1919        
4.646840149    46435.3164        
4.644681839    46492.8866        
4.642525534    46508.9562        
4.64037123     46476.6319        
4.638218924    46502.3759        
4.636068614    46510.6259        
4.633920297    46501.994         
4.631773969    46495.1843        
4.62962963     46552.8838        
4.627487274    46501.1785        
4.625346901    46583.6816        
4.623208507    46575.041         
4.621072089    46626.864         
4.618937644    46633.9268        
4.616805171    46563.0087        
4.614674665    46602.3598        
4.612546125    46664.6995        
4.610419548    46655.9062        
4.608294931    46696.5523        
4.606172271    46709.4524        
4.604051565    46705.0921        
4.601932812    46732.0324        
4.599816007    46730.5642        
4.597701149    46674.9155        
4.595588235    46763.9242        
4.593477262    46769.6953        
4.591368228    46726.1773        
4.589261129    46796.4483        
4.587155963    46791.4784        
4.585052728    46815.0322        
4.582951421    46823.1446        
4.580852038    46840.2802        
4.578754579    46850.8072        
4.576659039    46858.8313        
4.574565416    46850.5511        
4.572473708    46882.5162        
4.570383912    46893.8545        
4.568296026    46903.8819        
4.566210046    46913.4023        
4.56412597     46909.8003        
4.562043796    46929.2905        
4.55996352     46945.6001        
4.557885141    46956.3174        
4.555808656    46967.6151        
4.553734062    46978.2465        
4.551661356    46988.7385        
4.549590537    46999.182         
4.547521601    47008.9388        
4.545454545    47020.0055        
4.543389368    47021.8662        
4.541326067    47040.647         
4.539264639    47016.3289        
4.537205082    47061.3005        
4.535147392    47054.7893        
4.533091568    47079.3945        
4.531037608    47091.057         
4.528985507    47102.47          
4.526935265    47096.3767        
4.524886878    47121.0932        
4.522840344    47118.1733        
4.52079566     47143.2233        
4.518752824    47146.6598        
4.516711834    47153.1152        
4.514672686    47171.4145        
4.512635379    47169.1862        
4.51059991     47193.6823        
4.508566276    47203.7101        
4.506534475    47212.1902        
4.504504505    47216.6646        
4.502476362    47233.7156        
4.500450045    47243.6691        
4.498425551    47253.6021        
4.496402878    47262.5752        
4.494382022    47253.6393        
4.492362983    47283.2698        
4.490345757    47293.1245        
4.488330341    47302.8915        
4.486316734    47312.7743        
4.484304933    47322.5423        
4.482294935    47332.3363        
4.480286738    47321.3542        
4.47828034     47351.4658        
4.476275739    47358.6772        
4.474272931    47323.0095        
4.472271914    47380.8871        
4.470272687    47388.1907        
4.468275246    47400.1008        
4.466279589    47408.7975        
4.464285714    47419.3635        
4.462293619    47427.7615        
4.460303301    47438.481         
4.458314757    47447.9941        
4.456327986    47454.595         
4.454342984    47464.2649        
4.452359751    47476.4729        
4.450378282    47484.9945        
4.448398577    47486.6427        
4.446420631    47504.566         
4.444444444    47514.1421        
4.442470013    47523.509         
4.440497336    47532.8543        
4.438526409    47542.0599        
4.436557232    47528.0435        
4.4345898      47560.7019        
4.432624113    47570.0412        
4.430660168    47565.7671        
4.428697963    47583.9769        
4.426737494    47597.7186        
4.424778761    47606.9047        
4.42282176     47615.7688        
4.42086649     47625.1918        
4.418912947    47634.3339        
4.416961131    47642.4158        
4.415011038    47652.3942        
4.413062665    47626.1352        
4.411116012    47670.6074        
4.409171076    47679.6668        
4.407227854    47688.6717        
4.405286344    47697.6565        
4.403346543    47706.6213        
4.401408451    47715.566         
4.399472063    47724.4905        
4.397537379    47733.2241        
4.395604396    47742.2799        
4.393673111    47751.1445        
4.391743522    47759.175         
4.389815628    47768.8135        
4.387889425    47777.618         
4.385964912    47782.2881        
4.384042087    47795.1649        
4.382120947    47803.7045        
4.380201489    47812.4581        
4.378283713    47821.3403        
4.376367615    47829.8468        
4.374453193    47838.0378        
4.372540446    47847.332         
4.370629371    47855.8119        
4.368719965    47846.2227        
4.366812227    47873.1279        
4.364906155    47821.6991        
4.363001745    47890.167         
4.361098997    47898.7768        
4.359197908    47907.1945        
4.357298475    47914.151         
4.355400697    47924.2364        
4.353504571    47876.9667        
4.351610096    47940.9672        
4.349717268    47949.5117        
4.347826087    47957.7565        
4.345936549    47966.2625        
4.344048653    47974.608         
4.342162397    47982.9336        
4.340277778    47991.2393        
4.338394794    47973.1427        
4.336513443    48007.7857        
4.334633723    48016.0373        
4.332755633    48024.2635        
4.330879168    48032.4032        
4.329004329    48040.6564        
4.327131112    48048.802         
4.325259516    47845.526         
4.323389537    48065.094         
4.321521175    48073.2042        
4.319654428    48081.2916        
4.317789292    48088.5402        
4.315925766    48097.4069        
4.314063848    48105.4348        
4.312203536    48113.4429        
4.310344828    48121.4313        
4.308487721    48129.3996        
4.306632214    48136.1155        
4.304778304    48145.2643        
4.30292599     48152.9634        
4.301075269    48161.0762        
4.299226139    48168.9459        
4.297378599    48176.7956        
4.295532646    48184.0839        
4.293688278    48189.8853        
4.291845494    48200.2272        
4.29000429     48207.9982        
4.288164666    48177.6125        
4.286326618    48223.481         
4.284490146    48230.1213        
4.282655246    48238.885         
4.280821918    48244.517         
4.278990158    48254.1179        
4.277159966    48141.378         
4.275331338    48008.7323        
4.273504274    48277.0502        
4.27167877     48274.8497        
4.269854825    48292.1786        
4.268032437    48299.7133        
4.266211604    48307.2284        
4.264392324    48314.7238        
4.262574595    48322.1995        
4.260758415    48214.7436        
4.258943782    48268.2361        
4.257130694    48344.509         
4.255319149    48349.1927        
4.253509145    48359.284         
4.25170068     48366.642         
4.249893753    47969.242         
4.24808836     48381.2994        
4.246284501    48388.5987        
4.244482173    48395.8784        
4.242681375    48223.8818        
4.240882103    47726.3264        
4.239084358    48417.6001        
4.237288136    47073.5391        
4.235493435    48404.2287        
4.233700254    48244.0895        
4.231908591    48446.2684        
4.230118443    48280.0819        
4.22832981     48052.4295        
4.226542688    48464.887         
4.224757076    47690.0393        
4.222972973    48481.7103        
4.221190376    48488.7361        
4.219409283    48083.8383        
4.217629692    48502.7293        
4.215851602    48058.6745        
4.214075011    48496.8639        
4.212299916    48510.0242        
4.210526316    47165.1133        
4.208754209    48537.3715        
4.206983593    48544.2416        
4.205214466    48091.1141        
4.203446826    48142.0155        
4.201680672    39758.4499        
4.199916002    36742.0792        
4.198152813    47834.3234        
4.196391104    47839.7606        
4.194630872    48554.1382        
4.192872117    48598.5033        
4.191114837    44464.0677        
4.189359028    31617.8635        
4.18760469     48336.0824        
4.185851821    47845.3931        
4.184100418    47630.0097        
4.182350481    19557.6035        
4.180602007    34024.9617        
4.178854994    31867.3971        
4.17710944     48378.7427        
4.175365344    47468.9818        
4.173622705    48268.9246        
4.171881519    48528.3832        
4.170141785    26299.5793        
4.168403501    28212.0477        
4.166666667    33120.8426        
4.164931279    34001.7641        
4.163197336    32010.8351        
4.161464836    46149.207         
4.159733777    29716.2342        
4.158004158    27567.984         
4.156275977    23669.7387        
4.154549231    47284.8888        
4.15282392     47138.7302        
4.151100042    48294.0521        
4.149377593    46293.9462        
4.147656574    48123.9581        
4.145936982    30808.0189        
4.144218815    44754.6125        
4.142502071    47696.9247        
4.140786749    47472.4003        
4.139072848    29702.6025        
4.137360364    35576.8174        
4.135649297    37775.3066        
4.133939644    34739.6197        
4.132231405    46841.8288        
4.130524577    18253.1926        
4.128819158    23105.3447        
4.127115147    22260.468         
4.125412541    47940.7192        
4.12371134     44044.2308        
4.122011542    38259.1949        
4.120313144    44024.5491        
4.118616145    28281.1786        
4.116920543    48134.9612        
4.115226337    41378.8018        
4.113533525    47852.9526        
4.111842105    33309.0445        
4.110152076    21945.4887        
4.108463435    38649.2835        
4.106776181    32073.1871        
4.105090312    31647.4909        
4.103405827    45814.3829        
4.101722724    42966.9661        
4.100041       31614.7516        
4.098360656    42922.5013        
4.096681688    30067.7614        
4.095004095    21946.3542        
4.093327876    39004.151         
4.091653028    26298.9835        
4.08997955     43032.0635        
4.088307441    39031.0275        
4.086636698    48155.8874        
4.08496732     48117.3287        
4.083299306    31004.6813        
4.081632653    31268.0137        
4.07996736     46737.2817        
4.078303426    17548.963         
4.076640848    41685.908         
4.074979625    41092.796         
4.073319756    34790.7947        
4.071661238    21009.2506        
4.07000407     40377.2445        
4.068348251    24981.7941        
4.066693778    40611.3091        
4.06504065     32767.0902        
4.063388866    28223.9793        
4.061738424    48591.9683        
4.060089322    41226.3417        
4.058441558    35369.9146        
4.056795132    43715.631         
4.055150041    17502.1267        
4.053506283    47831.2363        
4.051863857    29354.0586        
4.050222762    27275.4865        
4.048582996    20445.5521        
4.046944557    48329.2877        
4.045307443    20851.1152        
4.043671654    18799.0534        
4.042037187    21297.2505        
4.04040404     38897.6753        
4.038772213    21567.4295        
4.037141704    25373.5883        
4.03551251     20811.9562        
4.033884631    46489.1913        
4.032258065    25795.3411        
4.030632809    39337.0406        
4.029008864    47860.8206        
4.027386226    48380.8182        
4.025764895    42945.839         
4.024144869    17806.1688        
4.022526146    19480.0058        
4.020908725    46211.7539        
4.019292605    31120.3708        
4.017677782    12232.4128        
4.016064257    48265.1341        
4.014452027    39524.3823        
4.012841091    21692.625         
4.011231448    31574.6753        
4.009623095    26221.0026        
4.008016032    14482.64          
4.006410256    35510.4217        
4.004805767    38787.9998        
4.003202562    14800.0114        
4.00160064     47574.4315        
4              36280.6819        
3.99840064     29102.2991        
3.996802558    31869.7879        
3.995205753    40261.5138        
3.993610224    48334.9172        
3.992015968    30623.9873        
3.990422985    38057.8459        
3.988831272    46013.2455        
3.987240829    43085.9685        
3.985651654    15524.9371        
3.984063745    16119.3681        
3.982477101    45250.6987        
3.98089172     38127.1352        
3.9793076      26588.4121        
3.977724741    48680.1445        
3.976143141    39555.384         
3.974562798    34865.654         
3.972983711    21948.7493        
3.971405878    47451.8051        
3.969829297    19014.1933        
3.968253968    47335.2812        
3.966679889    41361.8983        
3.965107058    38290.113         
3.963535474    15821.1215        
3.961965135    47602.9739        
3.96039604     17617.0514        
3.958828187    23383.1795        
3.957261575    16462.561         
3.955696203    36080.3653        
3.954132068    37943.8836        
3.95256917     22703.8026        
3.951007507    38528.2343        
3.949447077    35525.7141        
3.94788788     48459.363         
3.946329913    39129.2932        
3.944773176    43342.2437        
3.943217666    30887.4818        
3.941663382    46497.9097        
3.940110323    29336.4518        
3.938558488    42433.3032        
3.937007874    48569.3503        
3.935458481    42641.4249        
3.933910307    12484.2253        
3.93236335     19810.7966        
3.93081761     46938.464         
3.929273084    13374.2596        
3.927729772    16371.8918        
3.926187672    39199.6246        
3.924646782    19965.2753        
3.923107101    20734.952         
3.921568627    38504.36          
3.92003136     36982.2296        
3.918495298    46557.9861        
3.916960439    13879.4883        
3.915426782    29997.0679        
3.913894325    24442.6091        
3.912363067    48851.2081        
3.910833007    33894.6774        
3.909304144    48135.7089        
3.907776475    19818.0758        
3.90625        40012.0169        
3.904724717    37435.3436        
3.903200625    14250.4601        
3.901677721    48356.8542        
3.900156006    31854.9689        
3.898635478    47352.2785        
3.897116134    42717.6104        
3.895597974    38881.9152        
3.894080997    38530.2663        
3.8925652      38838.6872        
3.891050584    19340.5034        
3.889537145    17750.3087        
3.888024883    19219.7474        
3.886513797    31171.0258        
3.885003885    32450.767         
3.883495146    14373.644         
3.881987578    17174.2061        
3.88048118     48166.4915        
3.87897595     18579.8587        
3.877471888    23334.1245        
3.875968992    47638.3183        
3.874467261    37115.5513        
3.872966692    48331.4794        
3.871467286    28677.9959        
3.86996904     45606.5393        
3.868471954    37375.9485        
3.866976025    29068.4046        
3.865481252    35647.082         
3.863987635    29565.7295        
3.862495172    48594.8374        
3.861003861    19367.918         
3.859513701    37424.8872        
3.858024691    28699.6172        
3.85653683     15735.3275        
3.855050116    47211.9378        
3.853564547    45006.5746        
3.852080123    19850.5477        
3.850596843    43609.6507        
3.849114704    47008.956         
3.847633705    47641.8274        
3.846153846    19528.4818        
3.844675125    23563.1591        
3.84319754     22181.9313        
3.841721091    48903.1936        
3.840245776    39815.0899        
3.838771593    22145.0293        
3.837298542    25056.5503        
3.835826621    49034.3665        
3.834355828    21190.9627        
3.832886163    17611.2851        
3.831417625    29168.9974        
3.829950211    49115.3712        
3.82848392     20948.943         
3.827018752    19319.7452        
3.825554705    45323.336         
3.824091778    16459.2044        
3.822629969    31987.7549        
3.821169278    26130.3051        
3.819709702    47883.3759        
3.818251241    46783.501         
3.816793893    23799.4882        
3.815337657    45003.5894        
3.813882532    29112.7842        
3.812428517    18768.5102        
3.81097561     17435.8469        
3.80952381     34180.4577        
3.808073115    48199.3892        
3.806623525    16795.4979        
3.805175038    33653.465         
3.803727653    23887.7034        
3.802281369    19888.2844        
3.800836184    36163.4387        
3.799392097    17945.4517        
3.797949107    42155.3429        
3.796507213    13170.994         
3.795066414    15298.7451        
3.793626707    28988.7914        
3.792188093    46254.8789        
3.790750569    29313.3841        
3.789314134    28999.4645        
3.787878788    35827.2137        
3.786444529    27288.3231        
3.785011355    39439.7725        
3.783579266    49004.1976        
3.78214826     35941.6237        
3.780718336    42839.3002        
3.779289494    46083.4475        
3.77786173     14552.5348        
3.776435045    27333.0069        
3.775009438    47193.8957        
3.773584906    35026.8871        
3.772161449    35860.2974        
3.770739065    49218.9744        
3.769317753    48870.2132        
3.767897513    18816.9442        
3.766478343    19516.0433        
3.765060241    46054.5156        
3.763643207    11939.9764        
3.762227239    47975.8408        
3.760812335    16480.9701        
3.759398496    20149.2046        
3.75798572     31478.3878        
3.756574005    44829.4121        
3.75516335     44373.6647        
3.753753754    32322.9922        
3.752345216    49106.8677        
3.750937734    48606.3286        
3.749531309    22539.3666        
3.748125937    24452.9978        
3.746721619    14243.6594        
3.745318352    49203.5696        
3.743916136    32597.3791        
3.74251497     48620.8931        
3.741114852    24646.2458        
3.739715782    27834.8258        
3.738317757    22062.6008        
3.736920777    27318.645         
3.735524841    49049.3209        
3.734129948    25115.6064        
3.732736096    48555.1862        
3.731343284    32327.895         
3.729951511    25203.4337        
3.728560776    18044.6259        
3.727171077    18915.2804        
3.725782414    48966.9625        
3.724394786    20811.5533        
3.723008191    44172.2819        
3.721622627    35919.2075        
3.720238095    33314.0006        
3.718854593    33549.4808        
3.717472119    27280.1165        
3.716090673    45713.145         
3.714710253    33354.2839        
3.713330858    37232.7571        
3.711952487    48692.3012        
3.710575139    26919.8299        
3.709198813    47014.8838        
3.707823508    49041.4292        
3.706449222    37848.1493        
3.705075954    42557.836         
3.703703704    16413.5719        
3.702332469    26986.7352        
3.70096225     47700.0541        
3.699593045    44366.0997        
3.698224852    41461.309         
3.696857671    36208.711         
3.6954915      38843.1705        
3.694126339    34407.4188        
3.692762186    47413.422         
3.69139904     28671.9492        
3.6900369      49145.2204        
3.688675765    31104.0369        
3.687315634    46952.548         
3.685956506    49364.7481        
3.684598379    46853.2955        
3.683241252    45365.5892        
3.681885125    43853.233         
3.680529996    24418.916         
3.679175865    48480.8726        
3.677822729    23895.8251        
3.676470588    31528.1721        
3.675119441    49089.8995        
3.673769287    48804.7953        
3.672420125    42064.4772        
3.671071953    48907.2276        
3.669724771    16184.385         
3.668378577    23865.2511        
3.66703337     19549.6396        
3.66568915     34885.161         
3.664345914    49129.0566        
3.663003663    49102.2547        
3.661662395    43306.4971        
3.660322108    47568.3871        
3.658982803    49095.7718        
3.657644477    47807.3444        
3.65630713     48254.0358        
3.65497076     29523.0784        
3.653635367    35095.7228        
3.65230095     48733.5292        
3.650967506    40270.2361        
3.649635036    49482.459         
3.648303539    47232.2644        
3.646973012    45842.2079        
3.645643456    48553.5488        
3.644314869    48260.5271        
3.64298725     49157.1237        
3.641660597    44220.1822        
3.640334911    34889.8443        
3.639010189    49442.3667        
3.637686431    49206.687         
3.636363636    48371.852         
3.635041803    48558.6663        
3.63372093     30838.9109        
3.632401017    48925.1963        
3.631082062    47725.0613        
3.629764065    49210.2494        
3.628447025    48263.5313        
3.627130939    49427.4758        
3.625815809    48991.3413        
3.624501631    49034.6961        
3.623188406    23442.9235        
3.621876132    38720.0677        
3.620564808    32091.8838        
3.619254434    49313.9252        
3.617945007    48289.6929        
3.616636528    49293.3906        
3.615328995    48643.4576        
3.614022407    48655.9823        
3.612716763    49135.1244        
3.611412062    41254.5583        
3.610108303    43639.822         
3.608805485    43877.6455        
3.607503608    47530.673         
3.606202669    40736.9829        
3.604902668    42555.6831        
3.603603604    44565.7129        
3.602305476    49084.0887        
3.601008282    48648.083         
3.599712023    49441.1722        
3.598416697    48928.8882        
3.597122302    48613.4928        
3.595828839    24867.0125        
3.594536305    48004.6497        
3.5932447      49514.938         
3.591954023    44170.4687        
3.590664273    49067.7332        
3.589375449    13997.765         
3.588087549    35360.972         
3.586800574    49303.4034        
3.585514521    48565.5089        
3.584229391    45275.8005        
3.582945181    49803.9341        
3.581661891    36597.0528        
3.58037952     45413.6009        
3.579098067    26702.5198        
3.577817531    49306.3864        
3.576537911    44028.8517        
3.575259206    49072.2686        
3.573981415    36800.2089        
3.572704537    49590.8534        
3.571428571    49470.5825        
3.570153517    48305.009         
3.568879372    31254.3781        
3.567606136    44025.9498        
3.566333809    48769.3645        
3.565062389    48276.8608        
3.563791875    28080.5808        
3.562522266    48814.1946        
3.561253561    49262.0625        
3.55998576     45846.4659        
3.558718861    49306.9788        
3.557452864    49730.3673        
3.556187767    33714.2278        
3.554923569    49127.2037        
3.55366027     45721.7153        
3.552397869    38161.6374        
3.551136364    48578.1746        
3.549875754    49311.4152        
3.54861604     26542.0049        
3.547357219    43529.3667        
3.546099291    36147.8805        
3.544842255    49451.131         
3.543586109    49743.5798        
3.542330854    49107.4609        
3.541076487    49266.6874        
3.539823009    49344.7479        
3.538570418    30255.1367        
3.537318712    36228.1543        
3.536067893    42365.623         
3.534817957    27770.1079        
3.533568905    48975.3545        
3.532320735    49493.1748        
3.531073446    49427.0068        
3.529827038    49761.6242        
3.52858151     46466.1768        
3.527336861    49203.4776        
3.526093089    49244.072         
3.524850194    41250.4122        
3.523608175    49322.7143        
3.522367031    45070.0071        
3.521126761    48265.0811        
3.519887364    48676.2551        
3.518648839    49090.6505        
3.517411185    49667.174         
3.516174402    49583.6351        
3.514938489    48467.6586        
3.513703443    49740.1089        
3.512469266    45774.5382        
3.511235955    49236.5873        
3.51000351     44601.6569        
3.50877193     27840.9101        
3.507541214    39553.0053        
3.50631136     46139.2975        
3.505082369    48949.2932        
3.50385424     48845.0281        
3.50262697     49192.3733        
3.50140056     48922.9109        
3.500175009    42837.5525        
3.498950315    40334.2633        
3.497726478    49337.2282        
3.496503497    49530.4568        
3.49528137     49186.8978        
3.494060098    40967.8473        
3.492839679    49439.186         
3.491620112    49731.4539        
3.490401396    49727.4935        
3.489183531    48861.4824        
3.487966516    49215.448         
3.486750349    37297.3662        
3.48553503     38681.9633        
3.484320557    49420.0084        
3.483106931    48356.4012        
3.48189415     48902.6344        
3.480682214    49695.3706        
3.47947112     49551.3799        
3.47826087     49264.9212        
3.47705146     49685.4583        
3.475842892    49223.1156        
3.474635163    49486.3935        
3.473428274    49238.9459        
3.472222222    49346.0645        
3.471017008    49482.4025        
3.46981263     49304.4788        
3.468609088    49222.0387        
3.46740638     49674.2687        
3.466204506    48971.4488        
3.465003465    49613.4128        
3.463803256    28879.5132        
3.462603878    49236.2324        
3.461405331    39562.9184        
3.460207612    49520.9494        
3.459010723    49503.7187        
3.457814661    48595.5234        
3.456619426    46381.0327        
3.455425017    49642.1597        
3.454231434    49677.65          
3.453038674    48309.5031        
3.451846738    49673.3519        
3.450655625    47232.027         
3.449465333    48070.5779        
3.448275862    30104.2877        
3.447087211    45760.0647        
3.44589938     38054.238         
3.444712367    48781.3927        
3.443526171    48624.2514        
3.442340792    36677.5162        
3.441156228    49161.049         
3.43997248     48676.4813        
3.438789546    45337.9231        
3.437607425    48341.2333        
3.436426117    48835.4468        
3.43524562     49039.2231        
3.434065934    42293.1785        
3.432887058    49276.7268        
3.431708991    47113.5695        
3.430531732    47587.808         
3.429355281    49250.2995        
3.428179637    48333.0132        
3.427004798    45366.7718        
3.425830764    49242.8134        
3.424657534    49334.0379        
3.423485108    48155.9098        
3.422313484    49008.3971        
3.421142662    48658.1868        
3.41997264     48439.3245        
3.418803419    40273.6933        
3.417634997    45206.193         
3.416467373    49139.0589        
3.415300546    48824.0093        
3.414134517    49309.2767        
3.412969283    48414.2682        
3.411804845    47587.3228        
3.410641201    49085.9506        
3.40947835     49060.5821        
3.408316292    32293.7219        
3.407155026    48061.5434        
3.40599455     48964.4701        
3.404834866    48831.1957        
3.40367597     49173.7271        
3.402517863    39455.9456        
3.401360544    49539.6764        
3.400204012    45803.1916        
3.399048266    49365.882         
3.397893306    48978.2733        
3.39673913     49056.2484        
3.395585739    49027.4589        
3.39443313     49553.0811        
3.393281303    49302.1563        
3.392130258    48688.1331        
3.390979993    46425.8961        
3.389830508    41381.4463        
3.388681803    27522.9939        
3.387533875    48650.1235        
3.386386725    48329.402         
3.385240352    48438.837         
3.384094755    48495.1451        
3.382949932    49498.685         
3.381805884    49352.714         
3.38066261     49499.9902        
3.379520108    48997.1665        
3.378378378    46473.2665        
3.37723742     48162.854         
3.376097232    49068.0397        
3.374957813    49189.6801        
3.373819163    25370.3104        
3.372681282    49190.8349        
3.371544167    49411.0209        
3.370407819    47754.9201        
3.369272237    48905.0751        
3.36813742     48711.6435        
3.367003367    42733.0582        
3.365870077    49217.7529        
3.36473755     48383.5529        
3.363605785    49047.6358        
3.362474781    48794.3984        
3.361344538    49391.2166        
3.360215054    48829.5958        
3.359086329    41934.3803        
3.357958361    48907.1658        
3.356831151    49451.4474        
3.355704698    49324.9842        
3.354579       48918.7538        
3.353454058    49167.2602        
3.352329869    49019.1522        
3.351206434    48059.4976        
3.350083752    43154.5601        
3.348961822    48193.5078        
3.347840643    49176.6428        
3.346720214    37164.0158        
3.345600535    48665.909         
3.344481605    48621.7779        
3.343363424    46679.9221        
3.342245989    49394.3064        
3.341129302    48364.0082        
3.34001336     49399.4138        
3.338898164    49162.4324        
3.337783712    49268.8138        
3.336670003    49346.1332        
3.335557038    49332.1075        
3.334444815    49379.9522        
3.333333333    49257.0784        
3.332222592    49376.8024        
3.331112592    49371.2065        
3.33000333     49343.7209        
3.328894807    49350.2585        
3.327787022    49265.4474        
3.326679973    49355.2377        
3.325573661    49334.1141        
3.324468085    49291.9115        
3.323363244    49347.82          
3.322259136    49258.2286        
3.321155762    48537.1153        
3.320053121    49009.5868        
3.318951211    49031.6527        
3.317850033    46900.3113        
3.316749585    49326.0708        
3.315649867    49321.0846        
3.314550878    49115.5935        
3.313452618    48870.7186        
3.312355084    48785.5638        
3.311258278    49072.9285        
3.310162198    48841.7683        
3.309066843    28294.4874        
3.307972213    48773.7034        
3.306878307    46749.6304        
3.305785124    45958.9759        
3.304692664    48231.1504        
3.303600925    48604.4007        
3.302509908    48990.383         
3.30141961     48695.6137        
3.300330033    47644.6644        
3.299241175    21311.4797        
3.298153034    48911.5254        
3.297065612    45017.9848        
3.295978906    44294.9363        
3.294892916    47916.5354        
3.293807642    49209.0611        
3.292723082    47901.1775        
3.291639236    44715.1983        
3.290556104    48565.2454        
3.289473684    31878.7793        
3.288391976    37404.2869        
3.28731098     48701.0124        
3.286230693    48826.8655        
3.285151117    48005.0972        
3.28407225     48646.5425        
3.282994091    47865.5422        
3.281916639    48545.2785        
3.280839895    45891.0003        
3.279763857    48605.4306        
3.278688525    47688.6816        
3.277613897    48622.0223        
3.276539974    48797.3791        
3.275466754    44012.6855        
3.274394237    24011.6737        
3.273322422    48487.1989        
3.272251309    44902.0611        
3.271180896    48701.3516        
3.270111184    37058.1736        
3.269042171    48373.6983        
3.267973856    48550.4424        
3.26690624     48468.8998        
3.265839321    48532.656         
3.264773098    49091.1484        
3.263707572    40370.2259        
3.262642741    46735.9598        
3.261578604    45963.1827        
3.260515161    48852.797         
3.259452412    48288.9001        
3.258390355    48466.7549        
3.25732899     47161.053         
3.256268317    48185.4525        
3.255208333    46979.5809        
3.25414904     48527.7296        
3.253090436    45591.3479        
3.25203252     48188.4681        
3.250975293    48515.3267        
3.249918752    48956.1612        
3.248862898    48176.3318        
3.24780773     49052.6386        
3.246753247    48487.8822        
3.245699448    48422.4022        
3.244646334    48482.4237        
3.243593902    43214.912         
3.242542153    48201.344         
3.241491086    47264.0258        
3.2404407      48701.0287        
3.239390994    48348.5046        
3.238341969    48415.795         
3.237293623    48317.9845        
3.236245955    48269.552         
3.235198965    48271.5183        
3.234152652    48857.0379        
3.233107016    45987.3721        
3.232062056    37595.4252        
3.231017771    47797.5446        
3.22997416     48943.1679        
3.228931224    45880.695         
3.227888961    48708.7405        
3.22684737     48494.2364        
3.225806452    48176.8546        
3.224766204    48209.0503        
3.223726628    48515.4006        
3.222687722    48520.7303        
3.221649485    48550.659         
3.220611916    48423.9304        
3.219575016    48344.9263        
3.218538783    34338.6764        
3.217503218    35285.9851        
3.216468318    48644.6217        
3.215434084    46675.0607        
3.214400514    48525.1707        
3.213367609    48899.7696        
3.212335368    48779.653         
3.211303789    47738.2093        
3.210272873    15218.3492        
3.209242619    48707.7961        
3.208213025    42507.61          
3.207184092    48322.5527        
3.206155819    48861.9143        
3.205128205    48469.2115        
3.20410125     48828.3507        
3.203074952    48604.5834        
3.202049312    48501.8303        
3.201024328    48026.0068        
3.2            48508.8584        
3.198976328    48469.8415        
3.19795331     48087.9768        
3.196930946    48801.1427        
3.195909236    20296.4734        
3.194888179    42433.52          
3.193867774    47936.6406        
3.19284802     48231.4767        
3.191828918    47925.6442        
3.190810466    29796.9115        
3.189792663    48177.2441        
3.18877551     39986.9928        
3.187759005    41360.7787        
3.186743149    48118.7838        
3.185727939    48668.2672        
3.184713376    48755.5547        
3.183699459    48552.7213        
3.182686187    27733.013         
3.18167356     48300.0403        
3.180661578    48728.6087        
3.179650238    45773.8924        
3.178639542    48668.8544        
3.177629488    48708.9834        
3.176620076    48156.4437        
3.175611305    48706.9405        
3.174603175    44874.4507        
3.173595684    43918.279         
3.172588832    38088.5114        
3.17158262     48466.6498        
3.170577045    48674.0241        
3.169572108    48098.3391        
3.168567807    47020.8446        
3.167564143    47608.6891        
3.166561115    47673.2054        
3.165558721    48582.7062        
3.164556962    47642.6425        
3.163555837    48483.794         
3.162555345    46559.4504        
3.161555485    47646.7356        
3.160556258    47419.8619        
3.159557662    48059.407         
3.158559697    47113.8512        
3.157562362    47420.0869        
3.156565657    48022.3174        
3.15556958     48188.0951        
3.154574132    47225.3502        
3.153579313    24984.2816        
3.15258512     45558.2428        
3.151591554    47631.7028        
3.150598614    48343.6174        
3.149606299    48025.8692        
3.14861461     47964.4813        
3.147623544    40793.5555        
3.146633103    47806.3038        
3.145643284    34057.9617        
3.144654088    47062.2241        
3.143665514    47444.3263        
3.142677561    47698.0658        
3.141690229    48514.014         
3.140703518    47747.9555        
3.139717425    44170.3958        
3.138731952    19792.972         
3.137747098    48039.2128        
3.136762861    24857.2583        
3.135779241    48048.8227        
3.134796238    47525.2851        
3.133813851    42459.1395        
3.13283208     48460.6153        
3.131850924    47323.4493        
3.130870382    43173.0162        
3.129890454    47618.227         
3.128911139    39883.0169        
3.127932437    47875.6328        
3.126954346    41626.2203        
3.125976868    47850.012         
3.125          47992.0449        
3.124023743    47701.5746        
3.123048095    48252.1114        
3.122073057    45993.0078        
3.121098627    39403.494         
3.120124805    47716.9029        
3.119151591    47865.3118        
3.118178983    47467.2627        
3.117206983    44336.8075        
3.116235587    47626.9898        
3.115264798    47673.7384        
3.114294612    47472.1974        
3.113325031    36844.695         
3.112356054    46426.0589        
3.111387679    47796.828         
3.110419907    45890.6121        
3.109452736    47865.7661        
3.108486167    28263.4443        
3.107520199    47856.5267        
3.106554831    47104.2503        
3.105590062    47637.4692        
3.104625893    40204.6268        
3.103662322    47526.9809        
3.102699348    47788.5245        
3.101736973    48264.6191        
3.100775194    47706.8729        
3.099814011    37823.1193        
3.098853424    46018.1568        
3.097893432    47447.561         
3.096934035    47702.7969        
3.095975232    46991.205         
3.095017023    48185.6267        
3.094059406    46227.8834        
3.093102382    47456.9123        
3.092145949    48146.0983        
3.091190108    39943.0665        
3.090234858    42349.9023        
3.089280198    47916.6134        
3.088326127    47733.5001        
3.087372646    37710.1293        
3.086419753    47984.9583        
3.085467448    47171.0283        
3.084515731    32892.8278        
3.083564601    46750.0809        
3.082614057    39051.809         
3.081664099    33142.9828        
3.080714726    47444.2441        
3.079765938    44425.5624        
3.078817734    47673.4192        
3.077870114    46414.51          
3.076923077    46315.1283        
3.075976623    39650.9741        
3.07503075     47743.5867        
3.07408546     46896.0395        
3.07314075     44493.0358        
3.072196621    47457.484         
3.071253071    48010.8199        
3.070310101    35452.3018        
3.06936771     47327.0138        
3.068425898    41602.1596        
3.067484663    34437.6166        
3.066544005    47663.6582        
3.065603924    45614.6387        
3.064664419    46392.7588        
3.06372549     47070.0513        
3.062787136    38235.7564        
3.061849357    46342.8867        
3.060912152    47204.4999        
3.05997552     47333.1425        
3.059039462    47914.6602        
3.058103976    44520.6886        
3.057169061    46520.1634        
3.056234719    44896.4745        
3.055300947    36157.021         
3.054367746    47191.1125        
3.053435115    47229.04          
3.052503053    47737.7306        
3.051571559    47109.2343        
3.050640635    47543.8242        
3.049710278    47786.1632        
3.048780488    42818.9278        
3.047851265    47328.4023        
3.046922608    47268.7198        
3.045994517    47438.9229        
3.045066991    42336.295         
3.04414003     47845.9381        
3.043213634    45880.8195        
3.0422878      47154.8568        
3.04136253     43904.5188        
3.040437823    47012.5367        
3.039513678    47181.8086        
3.038590094    46871.9665        
3.037667072    47153.7284        
3.03674461     44971.1279        
3.035822708    46472.9383        
3.034901366    47339.216         
3.033980583    45540.2581        
3.033060358    42842.2467        
3.032140691    46132.6965        
3.031221582    47377.6941        
3.03030303     46661.0154        
3.029385035    46787.3595        
3.028467595    46078.9355        
3.027550711    45246.7667        
3.026634383    47684.583         
3.025718608    47255.5795        
3.024803388    47416.6451        
3.023888721    47399.9957        
3.022974607    46457.0938        
3.022061046    47595.3256        
3.021148036    45377.1433        
3.020235578    46250.4008        
3.019323671    47121.0721        
3.018412315    47299.1571        
3.017501509    47034.0992        
3.016591252    47395.646         
3.015681544    45790.7224        
3.014772385    45287.3164        
3.013863773    46594.4103        
3.01295571     47080.8874        
3.012048193    47529.2318        
3.011141223    46923.9784        
3.010234798    46921.5326        
3.00932892     46781.4142        
3.008423586    47093.4149        
3.007518797    47065.9022        
3.006614552    47456.3828        
3.005710851    46728.2283        
3.004807692    45993.3087        
3.003905077    46131.522         
3.003003003    46720.9504        
3.002101471    47438.3149        
3.00120048     46846.3713        
3.00030003     41544.8404        
