############################
   Wavenumber   Sampling
----------------------------
Factor to cgs units: 1
Initial value: 990.099
Final value: 20000
Spacing: 0.1
Oversample: 1
Number of elements: 190100
############################
   Wavelength   Sampling
----------------------------
Factor to cgs units: 0
Initial value: 0
Final value: 0
Spacing: 0
Oversample: 0
Number of elements: 0
############################
   Radius       Sampling
----------------------------
Factor to cgs units: 100000
Initial value: 79133.1
Final value: 83830.4
Spacing: 0
Number of elements: 100
Values:     79133.111    79177.926    79222.793    79267.708    79312.674    79357.694    79402.767    79447.888    79493.059    79538.282    79583.564    79628.883    79674.261    79719.692    79765.173    79810.704    79856.292    79901.933    79947.623    79993.364    80039.158    80085.012    80130.904    80176.856    80222.862    80268.918    80315.027    80361.192    80407.412    80453.682    80500.005    80546.381    80592.818    80639.293     80685.83    80732.422    80779.066    80825.762    80872.516    80919.326    80966.188    81013.102    81060.071    81107.102    81154.172    81201.306    81248.495    81295.737    81343.033    81390.387    81437.799    81485.262     81532.78    81580.354     81627.99    81675.667    81723.408    81771.206    81819.058    81866.965    81914.931    81962.956    82011.033    82059.166    82107.356     82155.61    82203.905    82252.266    82300.685    82349.158    82397.688    82446.278    82494.928    82543.631    82592.392     82641.21    82690.094    82739.019    82788.012    82837.063     82886.17    82935.335    82984.561    83033.848     83083.19     83132.59    83182.049    83231.575    83281.143     83330.78    83380.476     83430.23    83480.042    83529.917    83579.854    83629.847    83679.899    83730.012    83780.192    83830.416
############################
   Impact parameter Sampling
----------------------------
Factor to cgs units: 100000
Initial value: 83830.4
Final value: 79133.1
Spacing: 0
Oversample: 0
Number of elements: 100
Values:     83830.416    83780.192    83730.012    83679.899    83629.847    83579.854    83529.917    83480.042     83430.23    83380.476     83330.78    83281.143    83231.575    83182.049     83132.59     83083.19    83033.848    82984.561    82935.335     82886.17    82837.063    82788.012    82739.019    82690.094     82641.21    82592.392    82543.631    82494.928    82446.278    82397.688    82349.158    82300.685    82252.266    82203.905     82155.61    82107.356    82059.166    82011.033    81962.956    81914.931    81866.965    81819.058    81771.206    81723.408    81675.667     81627.99    81580.354     81532.78    81485.262    81437.799    81390.387    81343.033    81295.737    81248.495    81201.306    81154.172    81107.102    81060.071    81013.102    80966.188    80919.326    80872.516    80825.762    80779.066    80732.422     80685.83    80639.293    80592.818    80546.381    80500.005    80453.682    80407.412    80361.192    80315.027    80268.918    80222.862    80176.856    80130.904    80085.012    80039.158    79993.364    79947.623    79901.933    79856.292    79810.704    79765.173    79719.692    79674.261    79628.883    79583.564    79538.282    79493.059    79447.888    79402.767    79357.694    79312.674    79267.708    79222.793    79177.926    79133.111
