#wvl [um]      Flux [erg/s/cm]
2.34521576     72454.4852        
2.34494079     72447.6257        
2.344665885    72440.7642        
2.344391044    72433.9008        
2.344116268    72427.0353        
2.343841556    72420.1679        
2.343566909    72413.2985        
2.343292326    72406.4271        
2.343017807    72399.5538        
2.342743352    72392.6784        
2.342468962    72385.8011        
2.342194636    72378.9218        
2.341920375    72372.0405        
2.341646177    72365.1573        
2.341372044    72358.2721        
2.341097975    72351.3849        
2.34082397     72344.4957        
2.340550029    72337.6046        
2.340276153    72330.7115        
2.34000234     72323.8165        
2.339728591    72316.9195        
2.339454907    72310.0205        
2.339181287    72303.1195        
2.33890773     72296.2166        
2.338634238    72289.3118        
2.338360809    72282.405         
2.338087444    72275.4962        
2.337814144    72268.5854        
2.337540907    72261.6728        
2.337267734    72254.7581        
2.336994625    72247.8415        
2.33672158     72240.923         
2.336448598    72234.0025        
2.33617568     72227.08          
2.335902826    72220.1557        
2.335630036    72213.2293        
2.33535731     72206.301         
2.335084647    72199.3708        
2.334812048    72192.4387        
2.334539512    72185.5045        
2.33426704     72178.5685        
2.333994632    72171.6305        
2.333722287    72164.6906        
2.333450006    72157.7487        
2.333177788    72150.8049        
2.332905634    72143.8592        
2.332633543    72136.9115        
2.332361516    72129.9619        
2.332089552    72123.0104        
2.331817652    72116.057         
2.331545815    72109.1016        
2.331274041    72102.1443        
2.331002331    72095.1851        
2.330730684    72088.2239        
2.3304591      72081.2608        
2.33018758     72074.2958        
2.329916123    72067.3289        
2.329644729    72060.3601        
2.329373399    72053.3893        
2.329102131    72046.4166        
2.328830927    72039.442         
2.328559786    72032.4655        
2.328288708    72025.4871        
2.328017693    72018.5068        
2.327746741    72011.5245        
2.327475852    72004.5404        
2.327205027    71997.5543        
2.326934264    71990.5664        
2.326663564    71983.5765        
2.326392928    71976.5847        
2.326122354    71969.591         
2.325851843    71962.5954        
2.325581395    71955.598         
2.32531101     71948.5986        
2.325040688    71941.5973        
2.324770429    71934.5941        
2.324500232    71927.589         
2.324230099    71920.5821        
2.323960028    71913.5732        
2.32369002     71906.5624        
2.323420074    71899.5498        
2.323150192    71892.5353        
2.322880372    71885.5188        
2.322610614    71878.5005        
2.32234092     71871.4803        
2.322071288    71864.4582        
2.321801718    71857.4342        
2.321532211    71850.4084        
2.321262767    71843.3807        
2.320993385    71836.351         
2.320724066    71829.3195        
2.320454809    71822.2862        
2.320185615    71815.2509        
2.319916483    71808.2138        
2.319647414    71801.1748        
2.319378407    71794.1339        
2.319109462    71787.0912        
2.31884058     71780.0465        
2.31857176     71773.0001        
2.318303002    71765.9517        
2.318034307    71758.9015        
2.317765674    71751.8494        
2.317497103    71744.7954        
2.317228595    71737.7396        
2.316960148    71730.6819        
2.316691764    71723.6224        
2.316423442    71716.561         
2.316155182    71709.4977        
2.315886985    71702.4326        
2.315618849    71695.3656        
2.315350776    71688.2968        
2.315082764    71681.2261        
2.314814815    71674.1536        
2.314546927    71667.0792        
2.314279102    71660.003         
2.314011339    71652.9249        
2.313743637    71645.8449        
2.313475998    71638.7632        
2.31320842     71631.6795        
2.312940904    71624.5941        
2.312673451    71617.5068        
2.312406059    71610.4176        
2.312138728    71603.3266        
2.31187146     71596.2338        
2.311604253    71589.1391        
2.311337109    71582.0426        
2.311070025    71574.9442        
2.310803004    71567.844         
2.310536044    71560.742         
2.310269146    71553.6382        
2.31000231     71546.5325        
2.309735535    71539.425         
2.309468822    71532.3156        
2.309202171    71525.2045        
2.308935581    71518.0915        
2.308669052    71510.9767        
2.308402585    71503.86          
2.30813618     71496.7415        
2.307869836    71489.6213        
2.307603554    71482.4991        
2.307337333    71475.3752        
2.307071173    71468.2495        
2.306805075    71461.1219        
2.306539038    71453.9925        
2.306273063    71446.8613        
2.306007149    71439.7283        
2.305741296    71432.5935        
2.305475504    71425.4569        
2.305209774    71418.3185        
2.304944105    71411.1782        
2.304678497    71404.0361        
2.304412951    71396.8923        
2.304147465    71389.7466        
2.303882041    71382.5992        
2.303616678    71375.4499        
2.303351376    71368.2988        
2.303086135    71361.1459        
2.302820956    71353.9913        
2.302555837    71346.8348        
2.302290779    71339.6765        
2.302025783    71332.5165        
2.301760847    71325.3546        
2.301495972    71318.191         
2.301231159    71311.0255        
2.300966406    71303.8583        
2.300701714    71296.6893        
2.300437083    71289.5185        
2.300172513    71282.3459        
2.299908004    71275.1715        
2.299643555    71267.9953        
2.299379168    71260.8174        
2.299114841    71253.6376        
2.298850575    71246.4561        
2.298586369    71239.2728        
2.298322225    71232.0878        
2.298058141    71224.9009        
2.297794118    71217.7123        
2.297530155    71210.5219        
2.297266253    71203.3297        
2.297002412    71196.1358        
2.296738631    71188.94          
2.296474911    71181.7425        
2.296211251    71174.5433        
2.295947652    71167.3423        
2.295684114    71160.1395        
2.295420636    71152.9349        
2.295157218    71145.7286        
2.294893861    71138.5205        
2.294630564    71131.3106        
2.294367328    71124.099         
2.294104152    71116.8857        
2.293841037    71109.6705        
2.293577982    71102.4537        
2.293314987    71095.235         
2.293052052    71088.0146        
2.292789178    71080.7925        
2.292526364    71073.5686        
2.29226361     71066.3429        
2.292000917    71059.1155        
2.291738283    71051.8863        
2.29147571     71044.6554        
2.291213197    71037.4228        
2.290950745    71030.1884        
2.290688352    71022.9523        
2.290426019    71015.7144        
2.290163747    71008.4747        
2.289901534    71001.2334        
2.289639382    70993.9903        
2.289377289    22240.1586        
2.289115257    70979.4989        
2.288853285    70972.2505        
2.288591372    70965.0005        
2.288329519    70957.7487        
2.288067727    70950.4952        
2.287805994    70943.2399        
2.287544321    70935.9829        
2.287282708    70928.7242        
2.287021155    70921.4638        
2.286759662    70914.2016        
2.286498228    70906.9377        
2.286236854    70899.6721        
2.28597554     70892.4048        
2.285714286    70885.1357        
2.285453091    70877.865         
2.285191956    70870.5925        
2.284930881    70863.3182        
2.284669865    70856.0423        
2.284408909    70848.7647        
2.284148013    70841.4853        
2.283887176    70834.2042        
2.283626399    70826.9214        
2.283365681    70819.6369        
2.283105023    70812.3507        
2.282844424    70805.0628        
2.282583885    70797.7731        
2.282323405    70790.4818        
2.282062985    70783.1888        
2.281802624    70775.894         
2.281542323    70768.5976        
2.281282081    70761.2994        
2.281021898    70753.9996        
2.280761774    70746.698         
2.28050171     70739.3947        
2.280241706    70732.0898        
2.27998176     70724.7831        
2.279721874    70717.4748        
2.279462047    70710.1648        
2.279202279    70702.853         
2.278942571    70695.5396        
2.278682921    70688.2245        
2.278423331    70680.9077        
2.2781638      70673.5892        
2.277904328    70666.2691        
2.277644915    70658.9472        
2.277385561    70651.6237        
2.277126267    70644.2984        
2.276867031    70636.9715        
2.276607854    70629.6429        
2.276348737    70622.3127        
2.276089678    70614.9807        
2.275830678    70607.6471        
2.275571737    70600.3118        
2.275312856    70592.9748        
2.275054033    70585.6361        
2.274795268    70578.2958        
2.274536563    70570.9538        
2.274277917    70563.6102        
2.274019329    70556.2648        
2.2737608      70548.9178        
2.27350233     70541.5691        
2.273243919    70534.2188        
2.272985567    70526.8668        
2.272727273    70519.5131        
2.272469038    70512.1578        
2.272210861    70504.8008        
2.271952743    70497.4422        
2.271694684    70490.0819        
2.271436684    70482.7199        
2.271178742    70475.3563        
2.270920858    70467.991         
2.270663034    70460.6241        
2.270405267    70453.2555        
2.27014756     70445.8853        
2.26988991     70438.5134        
2.26963232     70431.1398        
2.269374787    70423.7646        
2.269117313    70416.3878        
2.268859898    70409.0093        
2.268602541    70401.6292        
2.268345242    70394.2474        
2.268088002    70386.864         
2.26783082     70379.479         
2.267573696    70372.0923        
2.267316631    70364.704         
2.267059624    70357.314         
2.266802675    70349.9224        
2.266545784    70342.5291        
2.266288952    70335.1343        
2.266032178    70327.7378        
2.265775462    70320.3396        
2.265518804    70312.9398        
2.265262204    70305.5384        
2.265005663    70298.1354        
2.264749179    70290.7307        
2.264492754    70283.3245        
2.264236386    70275.9166        
2.263980077    70268.507         
2.263723826    70261.0959        
2.263467632    70253.6831        
2.263211497    70246.2687        
2.26295542     70238.8527        
2.2626994      70231.435         
2.262443439    70224.0158        
2.262187535    70216.5949        
2.26193169     70209.1724        
2.261675902    70201.7483        
2.261420172    70194.3226        
2.2611645      70186.8953        
2.260908885    70179.4663        
2.260653329    70172.0358        
2.26039783     70164.6037        
2.260142389    70157.1699        
2.259887006    70149.7345        
2.25963168     70142.2976        
2.259376412    70134.859         
2.259121202    70127.4188        
2.258866049    70119.977         
2.258610954    70112.5337        
2.258355917    70105.0887        
2.258100937    70097.6421        
2.257846015    70090.194         
2.25759115     70082.7442        
2.257336343    70075.2928        
2.257081593    70067.8399        
2.256826901    70060.3854        
2.256572267    70052.9292        
2.25631769     70045.4715        
2.25606317     70038.0122        
2.255808707    70030.5513        
2.255554302    70023.0888        
2.255299955    70015.6247        
2.255045665    70008.1591        
2.254791432    70000.6919        
2.254537256    69993.223         
2.254283138    69985.7526        
2.254029077    69978.2807        
2.253775073    69970.8071        
2.253521127    69963.332         
2.253267237    69955.8553        
2.253013405    69948.377         
2.252759631    69940.8971        
2.252505913    69933.4157        
2.252252252    69925.9327        
2.251998649    69918.4481        
2.251745102    69910.962         
2.251491613    69903.4743        
2.251238181    69895.985         
2.250984806    69888.4942        
2.250731488    69881.0018        
2.250478227    69873.5078        
2.250225023    69866.0123        
2.249971875    69858.5152        
2.249718785    69851.0166        
2.249465752    69843.5164        
2.249212776    69836.0146        
2.248959856    69828.5113        
2.248706993    69821.0064        
2.248454188    69813.5           
2.248201439    69805.992         
2.247948747    69798.4824        
2.247696111    69790.9714        
2.247443533    69783.4587        
2.247191011    69775.9445        
2.246938546    69768.4288        
2.246686138    69760.9115        
2.246433786    69753.3927        
2.246181491    69745.8723        
2.245929253    69738.3504        
2.245677072    69730.827         
2.245424947    69723.302         
2.245172878    69715.7755        
2.244920867    69708.2474        
2.244668911    69700.7178        
