############################
   Wavenumber   Sampling
----------------------------
Factor to cgs units: 1
Initial value: 2000
Final value: 5500
Spacing: 0.1
Oversample: 1
Number of elements: 35001
############################
   Wavelength   Sampling
----------------------------
Factor to cgs units: 0
Initial value: 0
Final value: 0
Spacing: 0
Oversample: 0
Number of elements: 0
############################
   Radius       Sampling
----------------------------
Factor to cgs units: 100000
Initial value: 79853.2
Final value: 84011.5
Spacing: 0
Number of elements: 100
Values:     79853.153    79935.328    80013.374    80087.512     80157.95    80224.912    80288.609    80349.278    80407.112    80462.368    80515.222    80565.922    80614.671    80661.679     80707.15    80751.269    80794.233    80836.194    80877.313    80917.727    80957.557    80996.911    81035.878    81074.533    81112.944    81151.163    81189.229    81227.188    81265.057    81302.875    81340.647    81378.359    81416.058    81453.753    81491.453    81529.161    81566.892     81604.64    81642.408    81680.193     81718.02     81755.87     81793.75    81831.662    81869.607    81907.585    81945.594    81983.641    82021.712     82059.83    82097.973    82136.156    82174.373    82212.625    82250.912    82289.232    82327.596     82365.99    82404.415    82442.882    82481.383    82519.921    82558.493    82597.102    82635.747    82674.429     82713.15    82751.897    82790.698    82829.513    82868.382     82907.28    82946.217    82985.191    83024.199    83063.244    83102.328    83141.447    83180.608    83219.799    83259.026    83298.294    83337.598    83376.939    83416.319    83455.734    83495.186     83534.67     83574.21    83613.773    83653.371     83693.01    83732.689    83772.404    83812.154    83851.944    83891.777    83931.639    83971.539    84011.487
############################
   Impact parameter Sampling
----------------------------
Factor to cgs units: 100000
Initial value: 84011.5
Final value: 79853.2
Spacing: 0
Oversample: 0
Number of elements: 100
Values:     84011.487    83971.539    83931.639    83891.777    83851.944    83812.154    83772.404    83732.689     83693.01    83653.371    83613.773     83574.21     83534.67    83495.186    83455.734    83416.319    83376.939    83337.598    83298.294    83259.026    83219.799    83180.608    83141.447    83102.328    83063.244    83024.199    82985.191    82946.217     82907.28    82868.382    82829.513    82790.698    82751.897     82713.15    82674.429    82635.747    82597.102    82558.493    82519.921    82481.383    82442.882    82404.415     82365.99    82327.596    82289.232    82250.912    82212.625    82174.373    82136.156    82097.973     82059.83    82021.712    81983.641    81945.594    81907.585    81869.607    81831.662     81793.75     81755.87     81718.02    81680.193    81642.408     81604.64    81566.892    81529.161    81491.453    81453.753    81416.058    81378.359    81340.647    81302.875    81265.057    81227.188    81189.229    81151.163    81112.944    81074.533    81035.878    80996.911    80957.557    80917.727    80877.313    80836.194    80794.233    80751.269     80707.15    80661.679    80614.671    80565.922    80515.222    80462.368    80407.112    80349.278    80288.609    80224.912     80157.95    80087.512    80013.374    79935.328    79853.153
