############################
   Wavenumber   Sampling
----------------------------
Factor to cgs units: 1
Initial value: 990.099
Final value: 20000
Spacing: 0.1
Oversample: 1
Number of elements: 190100
############################
   Wavelength   Sampling
----------------------------
Factor to cgs units: 0
Initial value: 0
Final value: 0
Spacing: 0
Oversample: 0
Number of elements: 0
############################
   Radius       Sampling
----------------------------
Factor to cgs units: 100000
Initial value: 79573.1
Final value: 84576.5
Spacing: 0
Number of elements: 100
Values:     79573.148    79620.727    79668.363    79716.054    79763.801    79811.609    79859.477    79907.398    79955.376    80003.412    80051.513    80099.657    80147.867    80196.136    80244.461    80292.843    80341.288    80389.793    80438.353     80486.97    80535.647    80584.391    80633.177    80682.032    80730.946    80779.918    80828.948    80878.042    80927.197    80976.408    81025.678    81075.009    81124.408     81173.85    81223.362    81272.935    81322.567    81372.258    81422.014    81471.832    81521.708    81571.644    81621.642    81671.709    81721.821    81772.003    81822.248    81872.553    81922.919     81973.35    82023.846      82074.4    82125.015    82175.694    82226.443    82277.237    82328.105    82379.035    82430.027    82481.081    82532.202    82583.388    82634.634    82685.943    82737.316    82788.761    82840.253    82891.819     82943.45    82995.142    83046.899    83098.723    83150.615    83202.567    83254.584    83306.666    83358.821    83411.025    83463.304    83515.649    83568.057     83620.53    83673.074    83725.685    83778.359    83831.098    83883.903    83936.784    83989.714    84042.721    84095.795    84148.934    84202.139    84255.416    84308.762    84362.172    84415.649    84469.193    84522.815    84576.486
############################
   Impact parameter Sampling
----------------------------
Factor to cgs units: 100000
Initial value: 84576.5
Final value: 79573.1
Spacing: 0
Oversample: 0
Number of elements: 100
Values:     84576.486    84522.815    84469.193    84415.649    84362.172    84308.762    84255.416    84202.139    84148.934    84095.795    84042.721    83989.714    83936.784    83883.903    83831.098    83778.359    83725.685    83673.074     83620.53    83568.057    83515.649    83463.304    83411.025    83358.821    83306.666    83254.584    83202.567    83150.615    83098.723    83046.899    82995.142     82943.45    82891.819    82840.253    82788.761    82737.316    82685.943    82634.634    82583.388    82532.202    82481.081    82430.027    82379.035    82328.105    82277.237    82226.443    82175.694    82125.015      82074.4    82023.846     81973.35    81922.919    81872.553    81822.248    81772.003    81721.821    81671.709    81621.642    81571.644    81521.708    81471.832    81422.014    81372.258    81322.567    81272.935    81223.362     81173.85    81124.408    81075.009    81025.678    80976.408    80927.197    80878.042    80828.948    80779.918    80730.946    80682.032    80633.177    80584.391    80535.647     80486.97    80438.353    80389.793    80341.288    80292.843    80244.461    80196.136    80147.867    80099.657    80051.513    80003.412    79955.376    79907.398    79859.477    79811.609    79763.801    79716.054    79668.363    79620.727    79573.148
