############################
   Wavenumber   Sampling
----------------------------
Factor to cgs units: 1
Initial value: 990.099
Final value: 20000
Spacing: 0.1
Oversample: 1
Number of elements: 190100
############################
   Wavelength   Sampling
----------------------------
Factor to cgs units: 0
Initial value: 0
Final value: 0
Spacing: 0
Oversample: 0
Number of elements: 0
############################
   Radius       Sampling
----------------------------
Factor to cgs units: 100000
Initial value: 79850.6
Final value: 84659.6
Spacing: 0
Number of elements: 100
Values:     79850.602    79896.446    79942.343    79988.291    80034.291    80080.347    80126.458    80172.619    80218.833      80265.1    80311.427    80357.793    80404.221    80450.704    80497.238    80543.825     80590.47     80637.17    80683.921    80730.726    80777.585    80824.506    80871.467     80918.49    80965.569    81012.701    81059.887    81107.131    81154.432    81201.785    81249.192    81296.656    81344.182    81391.748    81439.378    81487.065    81534.806    81582.602    81630.457    81678.371    81726.337    81774.359    81822.438    81870.581    81918.764    81967.014    82015.321    82063.682      82112.1    82160.579    82209.117    82257.709    82306.357    82355.064    82403.835    82452.649    82501.529    82550.468    82599.463    82648.515    82697.629    82746.804    82796.033     82845.32    82894.667     82944.08    82993.535    83043.059    83092.642    83142.283    83191.982    83241.744    83291.568    83341.448    83391.387    83441.386    83491.452    83541.563    83591.743    83641.984    83692.283    83742.642    83793.065    83843.551    83894.094    83944.697    83995.362    84046.095    84096.874    84147.723    84198.634    84249.605    84300.637    84351.734    84402.896    84454.116    84505.397     84556.74    84608.155    84659.614
############################
   Impact parameter Sampling
----------------------------
Factor to cgs units: 100000
Initial value: 84659.6
Final value: 79850.6
Spacing: 0
Oversample: 0
Number of elements: 100
Values:     84659.614    84608.155     84556.74    84505.397    84454.116    84402.896    84351.734    84300.637    84249.605    84198.634    84147.723    84096.874    84046.095    83995.362    83944.697    83894.094    83843.551    83793.065    83742.642    83692.283    83641.984    83591.743    83541.563    83491.452    83441.386    83391.387    83341.448    83291.568    83241.744    83191.982    83142.283    83092.642    83043.059    82993.535     82944.08    82894.667     82845.32    82796.033    82746.804    82697.629    82648.515    82599.463    82550.468    82501.529    82452.649    82403.835    82355.064    82306.357    82257.709    82209.117    82160.579      82112.1    82063.682    82015.321    81967.014    81918.764    81870.581    81822.438    81774.359    81726.337    81678.371    81630.457    81582.602    81534.806    81487.065    81439.378    81391.748    81344.182    81296.656    81249.192    81201.785    81154.432    81107.131    81059.887    81012.701    80965.569     80918.49    80871.467    80824.506    80777.585    80730.726    80683.921     80637.17     80590.47    80543.825    80497.238    80450.704    80404.221    80357.793    80311.427      80265.1    80218.833    80172.619    80126.458    80080.347    80034.291    79988.291    79942.343    79896.446    79850.602
