############################
   Wavenumber   Sampling
----------------------------
Factor to cgs units: 1
Initial value: 990.099
Final value: 20000
Spacing: 0.1
Oversample: 1
Number of elements: 190100
############################
   Wavelength   Sampling
----------------------------
Factor to cgs units: 0
Initial value: 0
Final value: 0
Spacing: 0
Oversample: 0
Number of elements: 0
############################
   Radius       Sampling
----------------------------
Factor to cgs units: 100000
Initial value: 79232.8
Final value: 83834.9
Spacing: 0
Number of elements: 100
Values:     79232.808    79276.767    79320.776    79364.832    79408.936    79453.092    79497.299    79541.552    79585.854    79630.205    79674.612    79719.055    79763.556    79808.106    79852.705    79897.353    79942.054    79986.807    80031.607    80076.456    80121.356    80166.313    80211.306    80256.357     80301.46    80346.612    80391.814     80437.07    80482.379    80527.735    80573.142    80618.601    80664.118    80709.671    80755.285     80800.95    80846.665    80892.431    80938.253    80984.128    81030.052    81076.027    81122.055    81168.142    81214.267    81260.452    81306.691     81352.98    81399.321    81445.719    81492.171    81538.673    81585.227    81631.835    81678.503    81725.209    81771.978      81818.8    81865.675    81912.602    81959.586    82006.626    82053.717    82100.861     82148.06     82195.32     82242.62    82289.982      82337.4     82384.87    82432.395    82479.977    82527.617    82575.308    82623.053    82670.854    82718.718    82766.622     82814.59    82862.614    82910.692    82958.824    83007.017    83055.267     83103.57    83151.928    83200.343    83248.822    83297.342    83345.927    83394.569    83443.266    83492.019    83540.833    83589.706    83638.633    83687.616    83736.656    83785.762     83834.91
############################
   Impact parameter Sampling
----------------------------
Factor to cgs units: 100000
Initial value: 83834.9
Final value: 79232.8
Spacing: 0
Oversample: 0
Number of elements: 100
Values:      83834.91    83785.762    83736.656    83687.616    83638.633    83589.706    83540.833    83492.019    83443.266    83394.569    83345.927    83297.342    83248.822    83200.343    83151.928     83103.57    83055.267    83007.017    82958.824    82910.692    82862.614     82814.59    82766.622    82718.718    82670.854    82623.053    82575.308    82527.617    82479.977    82432.395     82384.87      82337.4    82289.982     82242.62     82195.32     82148.06    82100.861    82053.717    82006.626    81959.586    81912.602    81865.675      81818.8    81771.978    81725.209    81678.503    81631.835    81585.227    81538.673    81492.171    81445.719    81399.321     81352.98    81306.691    81260.452    81214.267    81168.142    81122.055    81076.027    81030.052    80984.128    80938.253    80892.431    80846.665     80800.95    80755.285    80709.671    80664.118    80618.601    80573.142    80527.735    80482.379     80437.07    80391.814    80346.612     80301.46    80256.357    80211.306    80166.313    80121.356    80076.456    80031.607    79986.807    79942.054    79897.353    79852.705    79808.106    79763.556    79719.055    79674.612    79630.205    79585.854    79541.552    79497.299    79453.092    79408.936    79364.832    79320.776    79276.767    79232.808
